-149.660467,-4.11769,162.142514
-138.831942,-17.244543,135.245258
-138.670508,13.469389,132.625837
-149.233198,-6.055148,161.139158
-140.302718,-20.90671,135.130612
-139.248168,12.569716,131.8802
-151.666722,-2.830376,159.500977
-143.680775,-21.390641,137.459079
-140.424842,13.206134,131.697966
-152.046865,1.242227,158.26505
-145.153436,-21.298211,138.185467
-141.081694,17.037267,132.692149
-151.324391,0.257627,156.599874
-144.35198,-18.421805,134.847159
-141.547775,16.954889,130.748385
-149.974032,-4.386941,156.687707
-142.166553,-19.848039,133.922173
-139.77863,15.693809,130.493664
-149.599609,-4.298753,157.05904
-142.271398,-18.186665,134.802214
-139.84389,15.014411,131.843652
-148.276542,0.234716,158.13551
-143.367538,-14.79891,135.202458
-139.92541,18.434401,131.284464
-148.057662,0.379717,159.911162
-143.069898,-15.100127,137.351964
-140.248334,20.714142,136.197298
-148.430487,-0.800925,160.42946
-142.93359,-15.129572,137.614755
-141.175268,18.122449,135.480724
-149.414342,-1.002072,160.93465
-142.010907,-14.547399,135.2582
-140.404894,16.501383,132.725242
-150.142077,-0.375777,161.364123
-142.155507,-14.754932,135.011948
-140.812197,16.378427,132.498505
-150.362651,0.43621,161.72999
-142.047305,-15.289202,134.78089
-141.103143,16.597436,132.543443
-150.473625,-0.657443,162.287395
-142.11749,-16.5139,134.028251
-141.189251,16.8859,132.415275
-150.872327,-2.230646,162.709372
-142.087606,-17.119159,134.652228
-141.320575,16.813095,132.8541
-152.328945,2.203962,163.809203
-140.245299,-14.037202,137.142625
-141.834594,16.123658,133.968562
-153.508286,1.811764,163.946999
-138.793553,-12.200961,137.266014
-142.920178,16.019241,134.328768
-152.301574,-3.983089,163.112828
-137.520689,-12.680131,138.165831
-142.663642,15.688993,134.999475
-150.801707,-7.018724,161.838671
-135.812949,-14.246705,138.6433
-140.019893,14.273865,135.29899
-150.000249,-5.126028,159.835006
-135.074947,-13.471414,137.976148
-136.559924,14.516363,135.218919
-150.164198,-2.911616,157.91673
-136.230729,-13.096687,140.51875
-135.70775,16.414992,137.505704
-152.177972,-3.621045,157.419326
-139.138493,-16.717606,144.328905
-135.956038,15.586702,139.182471
-153.860186,-3.759651,157.546574
-143.553518,-21.363216,145.719524
-136.578745,12.732209,139.778267
-155.036938,-3.343427,157.004944
-146.665582,-21.813994,144.790644
-137.60887,10.700582,139.412301
-155.640955,-3.540856,153.394895
-147.21692,-22.827886,141.346937
-138.566084,11.425883,137.863219
-154.856893,-5.561966,152.230635
-143.685072,-25.511291,133.532573
-138.784973,12.158564,136.320058
-150.383,-6.485706,150.843489
-137.822744,-25.110022,123.254314
-137.904485,12.032206,131.638461
-143.593841,-5.204091,148.832646
-129.794333,-20.88443,118.756147
-132.265433,14.998817,129.099666
-136.473884,-0.371366,148.686344
-122.232143,-15.465529,118.674898
-124.253381,19.029165,129.406093
-129.819357,4.898173,149.582463
-114.804019,-10.029077,119.258649
-117.929728,23.900066,131.347584
-126.239908,6.362157,149.652548
-109.235034,-6.6619,118.606605
-115.024249,26.382805,131.386075
-122.26663,5.029048,150.385948
-102.513405,-5.719078,118.817554
-111.220007,26.86752,131.740249
-115.33981,2.026432,150.426669
-92.777581,-5.548623,119.84113
-104.011516,23.878247,132.748517
-107.302866,-1.161082,151.697557
-82.655453,-7.224732,123.155302
-97.191122,19.193276,133.713122
-99.93941,-3.964921,153.500741
-74.339239,-10.473044,126.224359
-90.07233,15.887357,134.487814
-89.996695,-7.583635,154.423691
-61.106642,-16.112866,130.044109
-77.594597,11.831865,135.185456
-78.416064,-11.06604,154.98197
-49.614636,-21.384507,130.215173
-64.857126,7.070606,136.471355
-70.497993,-16.265132,156.303516
-41.714449,-26.831599,130.324216
-57.343219,1.179922,137.956138
-62.631501,-23.026111,165.586234
-35.675737,-35.793719,133.234871
-51.227039,-7.866913,138.936135
-58.323139,-32.795197,164.986145
-30.611713,-47.000013,132.130222
-46.353345,-18.556702,139.400268
-53.726678,-47.580593,159.645705
-23.586564,-64.252147,128.188619
-39.294703,-29.878175,137.262722
-45.501054,-61.626633,155.896285
-16.063859,-81.705487,126.391235
-29.048955,-45.859233,135.247246
-40.584808,-75.453088,155.308564
-13.815317,-97.519154,126.972239
-23.964573,-59.438487,135.875494
-42.879056,-87.851288,155.234779
-19.642378,-114.266514,127.487352
-25.521348,-71.213556,135.67569
-48.567232,-98.178801,155.078173
-31.385988,-127.732257,126.908732
-28.170392,-86.228214,134.53556
-52.022336,-107.121117,154.2442
-42.773421,-138.411667,126.155685
-29.157218,-102.431945,133.791709
-54.614839,-114.757521,154.827431
-55.386499,-146.459984,126.023284
-34.349425,-116.134197,134.142359
-61.577784,-120.534838,155.1681
-64.053194,-151.215646,125.092591
-40.891348,-124.464332,134.56052
-69.636325,-125.440748,155.063875
-77.528371,-155.824686,123.995187
-51.041418,-130.508413,133.961815
-79.252468,-129.986872,154.703661
-92.798121,-158.571791,123.146508
-61.434325,-138.763722,134.356725
-86.629575,-134.629992,155.203632
-106.876588,-159.980946,125.113652
-72.261845,-148.202694,134.230469
-92.889287,-137.710158,157.395213
-119.835253,-158.69631,131.811866
-81.132834,-153.354565,136.360454
-102.815125,-137.934738,158.169759
-133.81943,-155.644955,134.153348
-94.156752,-155.628258,137.026022
-114.5229,-137.379584,159.117453
-147.065638,-154.415499,140.413461
-107.979687,-155.170213,137.446464
-125.690448,-138.839133,159.252231
-157.213348,-155.403644,140.382184
-118.383889,-156.403769,137.278389
-136.043509,-141.370186,157.066342
-165.490042,-152.691525,136.394498
-129.882968,-160.756345,137.252479
-144.065785,-140.905999,154.908671
-171.676077,-148.34029,130.413454
-138.613713,-161.617968,138.03092
-151.522476,-136.140569,154.734557
-176.653666,-143.822111,126.31907
-145.404588,-157.769781,138.282085
-156.628287,-129.401371,152.772236
-179.108856,-136.734094,119.261279
-150.447663,-151.684772,137.245428
-162.477815,-125.316266,151.089046
-185.298215,-133.177985,114.684213
-156.130908,-148.159891,135.897302
-171.39387,-124.968841,151.358029
-195.170613,-131.355653,114.85981
-164.984836,-148.076907,135.174676
-184.120857,-125.39503,151.869482
-211.879202,-128.092805,116.662959
-180.030352,-149.098484,133.435899
-197.132072,-123.967731,153.541846
-226.703197,-122.691788,118.82822
-195.695091,-147.332731,134.342811
-209.697362,-118.858733,154.067144
-239.250209,-114.849583,117.24522
-210.747132,-140.763006,135.100549
-222.278858,-110.598045,154.802983
-252.766924,-105.324717,118.562255
-224.982469,-131.04165,135.138123
-234.696795,-101.358103,155.028237
-264.345068,-92.876938,118.977235
-238.527936,-122.143025,133.7475
-242.766002,-90.084904,154.446187
-268.9241,-72.727321,118.489791
-253.635979,-109.667545,133.175972
-247.246331,-79.163487,155.351793
-269.417832,-57.13162,120.638883
-259.692307,-95.848605,134.314511
-248.644124,-68.298711,156.298504
-270.648649,-44.968464,122.255609
-260.30233,-83.907251,135.279914
-252.667042,-60.614842,161.604443
-271.999251,-36.273446,124.51604
-262.078685,-76.255839,134.886952
-255.41218,-52.891449,161.506819
-274.458325,-28.286354,123.173699
-267.001251,-68.653166,134.226954
-256.23446,-42.81129,158.962476
-270.814506,-13.897641,122.379314
-271.546258,-56.996654,133.669856
-255.754373,-30.845138,158.242589
-269.387511,-0.696486,122.573454
-271.289164,-43.510789,134.409683
-253.303794,-20.018426,158.580983
-267.557136,10.540089,124.078857
-267.982444,-32.997616,133.927864
-252.69702,-10.009853,157.486353
-266.674988,22.783389,124.969343
-268.112509,-24.538631,132.66096
-253.478733,0.583818,156.450638
-264.023729,34.964585,126.2224
-270.516047,-10.909385,132.089417
-252.41137,10.471799,156.482485
-258.438617,45.542185,127.173904
-270.484027,0.815483,132.729469
-249.031797,18.960028,156.251248
-251.516256,55.027881,125.388269
-268.313095,9.932604,133.435515
-240.914091,28.042253,156.020169
-242.532967,65.203925,125.930114
-260.958885,17.91858,133.03029
-229.466875,33.782509,156.063721
-230.135553,71.245897,127.344082
-250.973679,23.536562,132.77641
-218.035806,36.327726,156.577042
-211.816299,72.853646,128.469597
-241.980815,32.448382,132.984339
-212.173437,36.103018,155.268572
-201.227078,67.045736,129.215053
-234.564274,40.654671,132.545629
-211.872293,30.671028,152.093945
-199.037873,54.512858,128.540434
-231.921413,38.761523,134.996616
-213.31263,21.026309,152.657163
-198.700067,41.148306,129.881408
-230.393669,32.732689,137.464662
-220.348839,14.384887,153.315127
-200.615589,30.839459,130.129957
-233.392196,31.468585,138.729537
-229.460911,13.052505,155.535628
-208.814464,21.273405,130.785381
-238.302668,31.891053,139.999141
-237.256685,6.673353,156.344669
-215.381471,11.116413,131.486305
-239.813128,27.632733,140.859117
-241.888803,-1.744065,157.465486
-221.28631,1.935803,134.378116
-239.607258,20.041213,141.275227
-246.816286,-9.286176,155.984826
-228.868647,-5.946908,135.570933
-238.009799,9.029631,142.062779
-254.244035,-7.854282,155.693527
-237.137155,-13.238106,134.941373
-239.927034,5.204054,142.915166
-257.038698,-2.275719,155.646581
-242.615817,-11.192032,133.914336
-241.642639,7.989689,143.393859
-261.282933,1.704973,156.20161
-247.5023,-13.53707,135.73164
-242.91115,10.578282,144.146988
-262.131761,4.615135,158.073779
-251.631289,-15.579205,137.726921
-243.46086,12.952907,145.426511
-262.752789,8.41302,158.602981
-256.940375,-15.527021,136.091515
-243.786766,17.838019,146.927788
-264.08511,10.326659,156.822372
-259.187496,-16.743948,138.194436
-246.893055,23.719077,147.755827
-262.489572,11.923991,154.882572
-254.899636,-6.781738,135.898879
-252.517667,27.446661,150.645509
-265.559847,8.890937,155.294875
-253.985391,-3.393502,130.144563
-262.729951,27.316361,147.827907
-267.828247,6.545677,155.644905
-256.552444,3.60413,124.840976
-271.218298,29.006206,144.506229
-267.166981,4.133045,155.195723
-254.149313,11.033936,122.425222
-274.509551,29.937969,142.55601
-263.608383,4.000062,155.402472
-247.362689,17.809142,125.913512
-270.407546,31.823644,141.698267
-260.705573,12.79083,153.140877
-240.924847,17.725276,128.509219
-266.163952,34.988147,140.980563
-256.900892,18.653259,154.043774
-238.604321,13.071535,124.920464
-264.73378,37.55441,137.043021
-255.09154,11.458609,154.387907
-234.755259,8.86404,124.310273
-262.562904,35.508212,135.559591
-252.584426,2.680856,155.523377
-231.081634,5.418394,125.238188
-258.615044,28.446273,138.506356
-248.497478,-4.304709,153.88261
-228.367885,0.058707,123.695618
-252.820867,21.244712,139.390751
-244.993134,-9.302116,154.221695
-221.301775,-7.2088,127.32748
-250.982542,15.871099,138.608184
-241.40878,-14.746981,157.25582
-206.980725,-17.679285,138.24159
-248.747621,13.985044,141.821035
-236.884175,-18.461987,160.856831
-199.337726,-26.856387,144.517964
-245.334312,11.626161,147.131352
-234.235572,-20.316928,158.367769
-197.365598,-33.223771,131.933609
-244.280583,9.539586,144.742291
-236.320925,-20.680796,157.78233
-204.003437,-17.08567,127.418235
-244.835065,8.350945,143.199703
-239.774931,-18.13182,159.72925
-202.878115,-22.240486,144.482362
-245.29666,10.510096,145.527837
-239.059312,-16.999099,157.248922
-197.757797,-34.685905,134.914453
-248.381362,11.430627,138.40213
-234.817034,-22.099764,158.216938
-204.758942,-15.732679,125.521873
-245.60783,6.687224,140.670065
-230.412592,-27.926869,160.260779
-193.098423,-25.043679,146.590303
-242.790938,0.029534,146.793399
-227.900421,-30.853834,156.547155
-199.81678,-33.431983,132.648074
-242.020876,-3.44359,139.137397
-224.310482,-30.957571,156.979225
-192.07719,-26.85569,133.863334
-240.885397,-3.138786,140.462588
-219.533578,-32.377594,158.543907
-184.114963,-19.969359,131.67231
-237.813698,-3.180025,143.100723
-218.748679,-31.470704,158.77504
-194.097807,-27.663427,135.726262
-236.480262,-2.701213,143.984377
-225.785094,-26.418147,158.256776
-204.104741,-24.687269,129.182846
-236.402269,-0.834987,140.156517
-233.61821,-17.763129,160.39367
-208.05082,-26.467194,134.407594
-243.753553,5.593004,143.741811
-240.463298,-14.998552,161.826005
-208.693887,-25.894683,141.533191
-250.142305,7.76731,146.721428
-246.129258,-14.357328,161.878443
-215.168337,-21.405875,137.849603
-254.134763,7.846409,142.560727
-249.941337,-9.120823,160.974016
-219.489274,-23.910513,135.941451
-259.456722,10.154965,139.424707
-253.389922,-7.401455,160.573921
-219.103787,-24.81965,140.737583
-261.046419,9.493887,140.49409
-253.549725,-10.885801,161.138587
-218.958188,-18.062074,140.259304
-261.26582,7.65706,141.590481
-253.854534,-11.727811,160.60556
-223.974275,-15.364525,135.841821
-260.015877,6.792491,138.883409
-252.464352,-11.89663,161.603334
-222.849686,-19.445034,137.899883
-258.516013,6.47098,138.776929
-249.903347,-13.924012,159.7858
-223.511606,-18.65454,141.832274
-257.391134,6.087332,135.620622
-252.216066,-10.164213,157.868472
-228.612826,-8.496187,142.7605
-255.16755,10.078854,134.632638
-256.059608,5.14757,157.641355
-229.01441,6.175526,148.533459
-258.68487,24.357563,141.066187
-253.726681,15.463276,161.5634
-225.870937,15.826289,156.702429
-255.2819,36.685607,149.753682
-246.164639,22.112625,163.271623
-220.265438,25.208954,155.597474
-245.069405,41.494779,147.318766
-236.138133,30.583359,162.775984
-211.652232,29.603826,156.169013
-237.96855,46.243046,143.302249
-226.836904,38.108573,163.421522
-203.27418,30.614648,161.734959
-229.329602,52.852764,143.577601
-217.702128,45.19414,164.58284
-196.09335,35.821923,165.527836
-218.356884,60.313578,144.334329
-208.971323,49.923802,165.161898
-189.364152,38.265756,165.031268
-208.060921,63.72726,144.673794
-201.781938,53.186758,163.047904
-178.488068,42.437925,163.655331
-202.018929,66.954015,141.21922
-193.342482,58.721991,162.69075
-159.646183,51.104506,162.885729
-191.477438,73.481101,140.600209
-189.209949,63.22419,160.126664
-156.885718,57.193959,145.837364
-185.368845,79.073591,141.828054
-189.919148,57.714408,161.114707
-159.257984,46.590991,152.291577
-183.903636,81.657091,143.775237
-196.345114,50.877644,164.879521
-146.727234,52.369781,158.620725
-175.167863,81.601449,144.270437
-194.040829,52.579847,162.134709
-149.894102,53.446441,143.997324
-171.685699,79.017253,141.975465
-193.836149,51.960568,160.383376
-159.975874,47.273633,150.18961
-170.849064,77.461809,141.78352
-188.373687,52.38102,164.121162
-145.144915,47.000745,160.279387
-171.434643,78.842275,145.637837
-181.595259,61.921266,161.138537
-150.74267,53.581257,143.517966
-177.127593,79.976775,140.284902
-181.358295,64.512031,162.165342
-155.710384,47.916844,152.157591
-179.296055,84.299288,139.67728
-180.047199,66.272581,161.05635
-141.612778,48.999329,153.899442
-180.551783,86.578546,138.526222
-181.802118,65.418942,159.064308
-152.631914,48.255023,140.750368
-181.711684,86.477365,137.855547
-184.518445,64.97481,159.188334
-160.388685,48.658589,155.251472
-184.044392,85.325571,141.086339
-189.673823,63.581831,158.53663
-159.919806,61.587987,155.262919
-191.485274,82.820426,143.052442
-195.584229,57.776714,156.72118
-179.355016,68.192243,152.119982
-205.869155,76.803312,142.0303
-201.59047,44.635024,156.600474
-190.942468,57.957673,145.144709
-216.712789,66.981937,140.980103
-209.529213,31.610489,160.207067
-195.325019,42.101501,140.631473
-216.697358,60.481979,141.131052
-217.63959,28.833913,161.299973
-203.429137,28.258738,141.239421
-215.206099,54.448196,142.465545
-223.753304,34.005469,162.896912
-213.574605,19.615351,143.083354
-219.683584,55.891975,147.538653
-226.612449,37.059983,161.409834
-210.088195,15.072924,141.586989
-227.075685,56.837258,142.054615
-222.046636,35.774974,160.567743
-193.896353,11.861591,140.209412
-224.27805,55.983187,139.190765
-211.224339,29.628948,160.421425
-177.281371,11.004154,142.498369
-214.414447,49.893341,141.195085
-196.701919,22.812025,160.698614
-157.80021,12.459314,141.940817
-204.244029,44.033376,142.43019
-189.386522,26.459077,159.337621
-150.289828,27.741761,135.269419
-205.143199,44.768902,142.059752
-189.71075,29.815969,157.917044
-155.341941,38.897614,131.607692
-210.962244,44.876954,141.030475
-196.584613,27.041936,157.622308
-165.239817,32.619617,133.68152
-212.698957,49.187278,140.454094
-207.039077,24.096762,159.353833
-176.080587,19.74923,135.826659
-211.706329,46.402405,140.785561
-210.941265,17.037713,161.622118
-177.042181,7.458841,139.35151
-211.467917,39.04835,143.54233
-207.127693,6.137268,162.79274
-172.328448,-5.18231,142.783919
-204.885491,26.445414,141.827758
-197.346503,-2.116261,162.656843
-160.863731,-13.377337,141.489444
-195.335929,17.535403,140.184433
-183.001719,-5.709066,161.668218
-146.799724,-17.586026,140.875041
-179.443078,13.21106,139.223669
-171.029585,-7.165616,162.213987
-137.357335,-17.65708,144.501836
-170.423057,10.566373,141.733925
-164.286268,-9.548721,161.984558
-127.302044,-11.256173,145.866103
-169.234654,7.879111,143.607089
-159.88106,-9.441093,161.247304
-126.677266,0.967699,143.472625
-172.320234,5.437245,143.151624
-159.059249,-12.054311,160.272614
-133.14733,0.84935,140.591547
-174.681124,3.645761,142.803789
-166.013708,-14.761191,159.556155
-142.748624,-6.362605,139.286569
-178.39201,4.568028,142.317348
-178.01924,-13.747713,157.784289
-150.741666,-10.872946,140.188251
-186.777387,7.523329,140.181329
-181.33342,-14.979,160.679696
-150.850855,-17.849226,145.924465
-187.498864,7.42635,141.219807
-180.052074,-22.8304,162.234128
-152.341565,-30.325553,151.986482
-179.558492,-0.165427,142.026713
-182.787682,-28.641697,161.832076
-165.611687,-38.571189,151.85185
-173.058218,-9.694213,143.205019
-190.84557,-26.399587,157.476632
-177.278796,-37.570595,141.668243
-174.933197,-13.551892,144.816716
-199.891723,-17.641546,155.793534
-192.886176,-31.786726,138.401925
-180.43291,-11.046821,142.159037
-207.872358,-7.996827,155.51536
-206.654382,-21.271597,135.784698
-190.874918,-5.826283,141.302901
-219.972597,-1.24297,156.518785
-220.855365,-13.453798,138.258654
-200.507442,-1.201346,143.192759
-234.971484,6.656028,157.320755
-241.443303,-5.85051,137.186393
-213.925053,0.339239,141.933061
-240.823268,17.18511,157.542956
-250.841819,6.765018,137.765459
-223.749889,4.350096,141.955688
-238.488067,26.115703,159.224262
-257.980655,18.055222,140.203221
-226.37941,6.461193,143.021327
-234.866637,29.856213,160.007388
-270.124812,29.382282,135.602631
-227.870394,8.006943,140.202786
-240.073882,33.095708,160.05269
-282.571267,37.920944,131.95762
-233.443179,10.285133,139.268024
-255.762497,38.087532,158.30312
-298.801242,43.989731,131.996633
-248.857223,15.775207,137.946824
-269.069527,42.58392,157.876782
-308.021493,50.832664,129.658518
-262.355519,20.234414,138.700211
-272.131776,39.426646,157.054795
-304.577191,48.113257,129.07167
-265.587223,19.104434,139.950388
-269.016567,34.714647,157.492888
-300.46024,39.946237,131.938134
-260.260133,16.066377,142.350322
-264.450212,29.879039,157.37333
-295.63609,29.683313,134.400557
-253.431469,12.530511,142.475616
-262.407617,25.838625,157.964274
-293.648587,19.156496,134.10902
-249.381,11.505705,141.323308
-266.159567,23.802646,159.629142
-295.498329,7.222393,134.56809
-250.720191,13.171454,141.45599
-269.505945,24.86232,162.069502
-294.632364,4.252757,141.676665
-252.598196,14.174444,143.624102
-267.808279,28.276794,161.243231
-294.368447,11.271962,147.165653
-253.082192,13.399651,144.122836
-262.562318,29.835401,158.41064
-292.558774,19.692037,144.044821
-251.837069,11.81063,144.49905
-257.710463,28.860701,157.281895
-289.576442,25.606749,138.826686
-250.700188,10.013372,142.99393
-255.992185,25.591395,157.059333
-288.340143,26.903099,136.265664
-249.388679,7.479621,141.94038
-255.916532,21.167678,157.556149
-288.89936,20.985927,134.060566
-247.807256,4.996905,141.10687
-259.336265,18.930285,158.385078
-290.745643,14.137079,133.729471
-248.58022,3.50622,141.172432
-266.269795,19.698882,160.854101
-293.335939,10.178111,138.36522
-255.015664,3.358326,143.303262
-264.161624,12.954083,163.113975
-291.254978,4.486852,145.053941
-252.00312,0.460205,143.270941
-245.934144,4.818835,162.430643
-276.579819,-15.014202,147.744956
-234.546232,1.082127,142.003432
-235.888271,10.428072,162.211289
-255.042994,-25.974041,147.503243
-230.876518,8.798593,140.00087
-241.368864,13.980953,159.907194
-242.146585,-22.169342,146.697131
-238.021871,15.500006,138.136036
-246.02223,12.131674,156.502902
-235.614842,-12.540075,141.360364
-247.115248,22.915505,136.262089
-245.441952,10.408653,153.374812
-233.656931,-6.469261,138.315615
-252.447982,31.353092,140.20406
-242.562516,16.74555,152.075366
-229.243096,-0.780231,136.598362
-252.733099,35.300824,139.124957
-243.83511,25.506698,153.181609
-226.955945,10.110123,134.878702
-252.937629,38.421783,141.254619
-243.532208,25.125158,154.294979
-225.334739,18.863941,134.417113
-256.993334,34.822422,144.108934
-242.813264,20.132419,154.257749
-230.510559,21.15707,130.89913
-261.319886,26.429719,144.231215
-240.803442,17.615968,150.653886
-228.704769,20.474659,128.598989
-260.43154,24.306947,142.604974
-238.973736,22.513074,152.339081
-227.409662,24.150772,129.361542
-259.697212,27.679096,141.640236
-241.27563,28.835835,161.638156
-225.515642,29.499239,135.045109
-261.827719,31.84689,144.331552
-241.392206,31.209795,172.011851
-224.704243,34.848878,140.358626
-264.577681,34.029038,146.26696
-240.350737,32.507928,172.779554
-224.451552,38.282258,140.983003
-264.38328,34.206288,147.209104
-230.631843,29.171135,162.545901
-223.176287,31.663778,136.108896
-257.22725,34.379038,144.663966
-217.231036,10.71515,157.14505
-212.324981,15.71664,131.636629
-238.753782,27.630466,138.424727
-207.178041,-3.11568,155.770939
-197.300912,-1.413338,131.056158
-218.896383,18.94075,138.547239
-198.572093,-8.684983,154.943461
-188.256703,-6.189068,129.197447
-206.810533,14.615697,140.269878
-189.492973,-9.227463,153.503476
-178.457519,-4.326314,128.562072
-194.627929,17.158262,138.418226
-179.755229,-8.553546,154.497763
-167.895476,-3.883037,131.424797
-183.188553,18.335911,138.644176
-171.510907,-18.026736,154.034732
-158.006106,-8.953371,131.135342
-170.023303,10.145456,138.161682
-160.054383,-24.395551,154.510442
-145.889468,-20.070216,130.432318
-159.489666,1.26901,138.694693
-151.837091,-26.218205,155.694938
-137.698319,-26.921988,128.504726
-153.871227,-1.172274,139.763907
-145.010032,-27.934214,155.938409
-128.027454,-35.080632,126.513732
-145.394582,-1.921657,138.587198
-138.350971,-32.507811,157.281318
-119.505519,-42.990437,127.41547
-132.755966,-6.62524,138.493182
-129.09425,-37.876842,157.266997
-110.718165,-52.901983,127.008048
-122.46575,-15.319543,139.706424
-116.925845,-44.8833,155.735362
-98.386676,-64.456048,126.448074
-114.893426,-25.330154,139.668129
-106.379972,-54.268475,156.605629
-87.433038,-72.840944,128.552979
-108.864823,-34.962977,142.20021
-99.172965,-61.082626,155.172971
-78.653374,-75.986213,127.957284
-101.840805,-38.926089,141.437412
-89.288963,-65.585287,153.310469
-69.56835,-80.055634,127.312681
-90.942189,-41.880605,140.198939
-79.463267,-66.974424,153.096897
-60.542017,-81.37416,128.52707
-83.486217,-43.936151,141.163585
-78.07788,-59.898702,154.334075
-57.654266,-73.143345,135.656157
-88.871957,-43.503403,142.826439
-88.53612,-56.062678,155.922337
-62.856752,-57.190718,135.629273
-104.867436,-49.487215,143.780145
-96.343624,-54.014053,156.791096
-74.948083,-44.402951,133.753918
-117.294807,-53.003787,142.906755
-105.944907,-46.057462,156.857342
-90.008034,-31.297261,134.642972
-129.880297,-48.52516,141.006054
-117.058937,-37.718618,156.661537
-104.838059,-21.200147,134.62863
-139.122511,-43.525904,142.272915
-124.081664,-30.310243,156.916643
-116.109341,-13.609705,134.935405
-142.813917,-39.341951,142.261237
-129.697839,-25.124614,157.91291
-128.897305,-6.292027,136.033157
-144.789958,-38.817644,142.961317
-136.073568,-21.79805,158.114514
-139.329848,-4.657474,135.924485
-149.029765,-37.358611,141.970966
-147.202625,-20.281021,157.840279
-152.444859,-3.033442,134.715989
-159.504373,-36.678656,140.858689
-159.390296,-18.3294,159.268852
-166.352877,-1.37599,133.146876
-170.737903,-34.488912,141.614443
-167.907145,-12.401909,159.761228
-176.912376,2.584085,130.556611
-178.638475,-29.157139,142.202747
-173.4683,-0.714228,158.951241
-186.219201,10.630283,130.564252
-186.45166,-19.82213,141.522021
-178.693991,10.583888,160.380944
-193.188116,19.625026,131.720416
-194.313321,-9.169219,142.434515
-186.021986,19.782201,159.446885
-199.881194,30.561729,131.081561
-204.989046,1.913145,141.402775
-202.026675,25.394605,157.784131
-210.416305,42.606006,130.651034
-219.922195,12.13259,140.412473
-216.383555,31.596893,159.71424
-219.649654,55.109889,133.63809
-231.705417,18.660016,143.464429
-221.8898,41.678774,158.087932
-226.170451,65.778523,131.677875
-237.276839,27.937299,141.49611
-224.214823,58.242274,157.006371
-233.708023,76.561197,129.437867
-241.147219,43.140725,140.450798
-228.9321,69.769986,156.775716
-238.594448,84.758599,129.543671
-244.834624,53.932447,140.090167
-236.429225,77.590791,156.342253
-244.089017,92.854252,128.660879
-251.644193,61.791138,139.027028
-243.981233,83.744177,155.903208
-250.47379,101.542578,129.122542
-259.027077,67.620604,135.664979
-255.429341,84.902583,154.887279
-261.829919,108.85253,128.950553
-263.250183,69.558001,136.961302
-261.193005,89.232657,155.186497
-281.103356,107.862102,127.564036
-259.998207,68.402339,138.256404
-264.890937,88.309347,155.65234
-293.933433,93.123219,126.949295
-255.205083,66.999643,139.828698
-269.575002,83.388651,155.277807
-300.652315,77.616544,126.508758
-251.118721,62.398488,139.346869
-270.98118,72.23802,155.380271
-301.173748,61.520152,127.775247
-248.670017,54.95847,138.656357
-271.81136,64.414284,156.870549
-301.233953,51.488089,128.998307
-248.681567,52.823452,138.617294
-276.632503,65.479524,157.8683
-300.205744,42.93254,129.46663
-249.385584,57.630714,138.927966
-283.972555,67.403993,160.119076
-301.101987,37.327047,131.569935
-252.096269,60.643592,137.31114
-280.403922,59.620264,160.636358
-302.179764,29.55508,131.674838
-251.411893,56.883567,137.076952
-275.962536,53.985964,159.682394
-299.803348,23.45488,131.268216
-251.12829,55.538548,137.001476
-280.304179,52.952528,157.957949
-303.089433,23.541022,128.689147
-254.974331,56.145019,137.446049
-288.565593,52.131011,156.837825
-308.773096,22.302918,126.921857
-263.105143,55.952108,138.054118
-293.054176,47.019932,156.372732
-310.111737,16.458735,123.350331
-265.936676,53.672789,137.949367
-293.655292,38.837,155.768138
-307.1155,7.931618,122.652014
-265.986181,44.695958,137.808151
-288.382489,27.987316,156.226811
-305.34043,-3.979891,125.478537
-262.214699,31.972427,137.001798
-281.21627,20.208038,157.066006
-304.828126,-11.733596,126.000424
-261.017167,23.620317,135.828104
-277.763182,14.599134,158.004012
-304.291417,-20.333216,123.470222
-263.819859,16.462005,133.315115
-282.801703,8.095171,158.936638
-303.237747,-30.063352,120.910642
-269.511124,12.901264,134.220408
-290.75081,0.223353,159.0989
-303.854805,-34.434349,120.476321
-274.712826,10.425767,133.127407
-294.846194,-5.830268,156.702936
-304.521839,-39.439869,120.22073
-276.146646,7.191862,132.002039
-293.441474,-13.348692,154.056146
-301.600624,-48.596994,121.297125
-272.409944,1.5474,130.434459
-287.908555,-22.935693,150.828991
-298.561084,-56.622347,120.483735
-265.296637,-9.594503,127.753416
-285.56076,-27.55692,151.104709
-299.452642,-58.330027,120.073556
-260.458333,-18.10536,132.044823
-286.296082,-29.937036,151.031437
-301.585851,-60.858392,118.620978
-260.272677,-20.38093,132.143047
-286.450685,-33.120215,151.044771
-299.451103,-63.906214,118.085676
-259.902168,-24.156676,131.871425
-284.84295,-36.837456,151.12966
-297.894083,-69.521585,116.748708
-261.781848,-26.60156,131.651397
-282.722232,-42.489862,151.620429
-291.574622,-77.847918,114.876509
-263.806607,-28.86614,131.89378
-279.561664,-48.721531,150.615802
-276.728505,-81.60786,113.115383
-263.493046,-28.385211,130.879121
-272.59006,-53.176806,148.639168
-262.81554,-81.95164,110.139536
-259.672911,-30.092657,129.230892
-263.692635,-55.280714,149.436931
-248.449706,-78.756214,110.309767
-254.169119,-30.42483,129.527538
-258.552464,-54.729009,151.117138
-237.67176,-74.128789,113.14594
-254.350844,-29.339854,130.055634
-257.926109,-56.354292,152.670144
-233.282756,-72.3039,116.768225
-256.981683,-29.522019,132.098651
-259.428969,-61.298874,152.680002
-233.553255,-79.546096,119.652109
-257.022063,-33.114553,131.061369
-256.002857,-67.031181,151.623672
-232.68491,-90.385993,119.767534
-250.591559,-38.393085,130.227268
-247.592145,-74.202972,148.930725
-235.238397,-103.764992,115.518999
-237.636705,-47.367389,127.721307
-241.467272,-81.963689,149.371264
-236.439913,-113.623716,116.931668
-226.443656,-59.718815,129.985975
-240.003052,-90.699262,149.953393
-236.099028,-120.661144,115.871198
-222.829373,-69.672694,131.306192
-235.619402,-95.594271,148.97279
-228.975819,-125.985687,114.703964
-221.663456,-74.613866,131.579556
-228.567314,-94.724801,147.095377
-218.543054,-126.935638,115.229398
-218.138019,-73.661539,131.77297
-218.458751,-92.119189,143.739942
-205.047301,-127.942584,116.874324
-211.93028,-67.003053,131.169811
-209.249267,-89.714188,144.171176
-191.630617,-123.369582,116.945941
-208.85078,-62.974132,131.074212
-205.515446,-94.837842,148.065727
-185.668122,-118.595227,117.026257
-209.929297,-64.98057,131.183226
-207.869017,-98.883195,155.69463
-186.015282,-114.434716,121.391474
-205.625186,-67.507111,132.444163
-214.325264,-93.473337,162.458607
-186.143988,-111.994827,125.866234
-202.878618,-64.89698,137.982577
-215.413295,-87.633746,162.100561
-187.994303,-110.258959,127.597625
-203.484291,-68.228688,141.294611
-212.590138,-86.390689,158.162613
-190.053983,-115.383599,128.740806
-207.155598,-69.435708,138.901763
-212.066039,-87.553453,156.695154
-189.958097,-118.159474,129.801308
-207.721029,-66.587332,135.37433
-210.595427,-84.101888,158.140657
-186.000226,-113.911701,132.835693
-210.075416,-65.587058,135.979024
-211.166885,-79.857281,160.530832
-179.192379,-99.423438,135.837422
-213.503604,-64.26003,137.75952
-211.502999,-78.527231,162.431417
-176.732168,-84.376832,138.991774
-218.33554,-59.7257,140.642758
-210.26382,-74.298791,163.644176
-174.531384,-71.845823,140.752961
-220.39184,-53.835906,142.037554
-206.312119,-67.239812,163.895792
-171.960028,-65.815378,143.550726
-213.56715,-44.811053,141.32962
-199.156898,-59.393221,161.80275
-167.771971,-71.023315,144.920386
-201.346774,-39.020349,138.195574
-191.795295,-56.888143,162.671329
-173.544794,-66.099298,133.32741
-187.533057,-31.672622,161.132864
-184.378218,-57.648729,161.284753
-158.065931,-64.187104,147.366269
-176.684079,-36.12364,144.289384
-176.26742,-60.442355,160.611203
-144.388098,-61.525954,156.519854
-173.888143,-46.319816,123.965294
-170.831394,-61.583631,163.20224
-150.230239,-46.746555,143.023316
-176.762828,-44.756174,133.439564
-167.820515,-57.182104,159.770627
-141.424709,-58.844223,135.08526
-180.321073,-37.359987,130.099757
-166.135293,-50.13944,164.380568
-138.262151,-49.620252,167.195164
-175.662725,-31.043915,140.620243
-163.761675,-43.515528,159.0595
-145.303249,-28.833767,145.763014
-173.907132,-22.247993,133.107298
-159.845759,-44.863554,156.119459
-141.806217,-38.420339,127.214428
-169.745661,-17.929074,129.247908
-157.629643,-52.361903,159.175577
-138.850781,-64.713548,135.363348
-159.732121,-21.004257,136.564881
-153.07801,-62.285122,156.36957
-140.654548,-82.0181,139.489547
-149.335975,-32.970202,136.337253
-140.509123,-75.168636,153.104838
-117.656557,-92.537844,135.875522
-141.657653,-48.085066,130.83922
-121.362085,-86.664128,146.941264
-89.621651,-98.42111,118.085868
-135.379828,-53.564009,125.371118
-113.882748,-90.727122,142.266047
-81.078442,-103.120153,102.547641
-132.741924,-58.494766,124.011542
-108.970562,-92.235697,146.149467
-80.436657,-105.846465,117.693706
-130.303254,-57.996458,131.305124
-99.80599,-87.88432,144.181555
-68.219393,-107.158573,110.144864
-126.079456,-54.262096,127.448719
-95.789537,-73.176294,148.954512
-67.650125,-106.701969,109.321781
-118.152486,-51.654718,131.5242
-89.509767,-68.147726,150.281881
-66.620072,-105.891908,122.738147
-111.891451,-49.880414,133.503617
-85.710457,-67.712808,149.572221
-56.845651,-108.962773,96.150609
-108.828549,-50.934281,131.982616
-86.585757,-68.543073,152.389359
-59.217118,-103.874357,116.278256
-110.090712,-53.127285,136.641382
-89.680706,-68.368125,151.539593
-55.819365,-108.535454,109.320169
-114.462551,-56.690977,133.798235
-87.419911,-65.033335,148.815534
-58.959112,-105.724241,91.858523
-113.574232,-54.850015,127.436477
-77.53089,-78.696942,151.207382
-60.373574,-102.564208,112.845318
-99.010365,-46.514423,132.259707
-96.712915,-91.103996,149.790259
-83.132195,-111.538233,123.456153
-81.690427,-49.182766,134.625255
-113.238657,-96.517339,148.378809
-109.062134,-126.855258,119.859726
-83.968405,-66.601891,134.818572
-127.252866,-105.259193,144.620414
-135.551992,-134.06748,106.59074
-96.428468,-80.152049,130.438597
-145.166689,-106.697807,147.769808
-153.827346,-133.285937,118.72378
-105.937054,-95.14274,133.327868
-153.400077,-102.631546,148.885599
-153.59802,-134.073716,130.709458
-111.687185,-104.065413,135.267153
-156.708799,-94.525948,150.88267
-148.405577,-133.766261,102.155249
-116.244405,-113.134749,131.001157
-151.165207,-87.563905,153.247212
-145.69979,-132.49174,110.055577
-122.885772,-122.292681,131.279935
-146.639517,-84.258297,155.815535
-158.682087,-125.632847,122.459958
-131.027664,-122.341424,133.459358
-151.880581,-81.980387,154.975563
-172.804373,-110.405852,124.252527
-143.187516,-117.647439,130.84863
-164.78069,-81.220286,153.623293
-185.21871,-95.379354,131.382296
-153.155153,-109.975242,131.702721
-177.795461,-80.543731,154.60635
-202.363872,-80.265362,136.215484
-163.454969,-101.750735,131.192048
-190.652031,-81.006834,153.808323
-219.873575,-80.36761,136.245735
-176.010488,-100.598899,130.344383
-207.902259,-85.338224,150.713268
-240.703979,-92.749637,124.489771
-189.612872,-103.358472,125.198451
-222.466434,-88.351187,145.799471
-252.478465,-102.555926,101.791407
-195.496074,-104.882735,121.659637
-227.602524,-84.20398,148.109416
-251.450767,-99.599352,111.649445
-199.935735,-102.238138,128.385165
-229.994094,-80.84471,150.727353
-256.334088,-87.100255,130.978039
-205.878214,-92.893458,133.167981
-233.822166,-78.881128,148.037472
-260.93282,-91.065338,120.776289
-206.446452,-87.85847,128.182483
-239.205395,-81.204217,143.563775
-261.232277,-98.607276,94.752842
-208.124022,-90.134518,122.210624
-240.89151,-83.187997,148.299477
-268.22931,-99.786869,126.149479
-209.00135,-93.154079,130.750091
-242.425111,-70.725765,153.314148
-266.93391,-82.93509,144.256467
-219.839135,-95.976426,133.295337
-241.001167,-56.483394,153.560551
-271.660582,-53.808007,141.244804
-230.966794,-89.178969,133.528894
-247.457879,-41.982978,150.258606
-277.850468,-23.302565,133.355752
-240.147745,-74.531632,131.112652
-256.259869,-28.141207,144.80124
-283.473254,-6.293793,104.073008
-245.41163,-60.248836,126.406716
-258.597304,-20.488452,143.033791
-281.17717,-4.87122,93.718896
-246.868451,-53.321006,125.620274
-260.564734,-17.239609,147.919471
-291.486567,1.754752,130.199457
-251.447004,-50.941258,134.264106
-266.46181,-15.910745,143.019159
-288.706886,3.280366,127.58537
-257.359564,-51.178615,131.472088
-268.039503,-14.314113,141.428089
-286.444838,-5.839532,87.461874
-259.989968,-50.699913,127.485335
-262.599911,-7.820727,150.47497
-291.421878,1.251686,116.160746
-264.657146,-44.138855,133.491688
-255.007846,3.395923,153.13274
-276.097887,27.010845,137.576132
-267.373575,-30.111511,134.72375
-252.242572,25.700151,148.65116
-262.144473,59.6515,131.487473
-265.112387,-7.247199,131.504608
-253.091717,45.861214,143.181673
-251.028333,89.361885,117.044951
-262.352409,9.977913,128.403371
-256.259389,57.510703,138.460856
-252.205819,98.434745,102.722239
-260.089151,16.534736,128.630692
-259.173249,54.244506,139.415461
-268.606775,86.731629,102.765024
-257.34178,15.465753,132.529722
-263.277113,32.619507,143.903811
-284.617479,55.201718,98.736822
-250.323985,1.471944,137.187422
-265.710113,7.500687,146.330824
-295.525282,13.650937,99.759259
-241.005591,-18.748417,137.199209
-259.182869,-22.819083,149.622561
-291.920123,-29.097074,103.488815
-230.23964,-33.848792,137.799385
-250.465037,-39.793054,153.257238
-283.112931,-59.406253,109.0818
-222.62029,-38.106334,138.312884
-247.403359,-53.114719,152.611412
-275.500997,-83.278789,102.874256
-222.51902,-36.700095,136.739662
-241.05318,-60.891451,150.101934
-250.060611,-99.568381,100.990611
-227.563348,-31.232075,134.845018
-235.544925,-58.959546,153.334946
-215.603095,-94.812354,115.084442
-231.759064,-24.369271,137.967848
-228.653983,-54.540498,156.654387
-198.703712,-77.124092,126.116626
-230.285792,-22.16022,140.063448
-220.369938,-46.238996,157.348718
-192.148365,-62.779614,129.515356
-222.785233,-18.024482,138.966737
-213.548478,-38.283315,157.339264
-186.727381,-50.661602,125.764362
-216.28037,-14.981496,137.718241
-206.903153,-34.571904,158.960582
-179.580398,-37.24239,132.263822
-212.408376,-15.381899,136.812748
-200.360247,-40.694803,163.375657
-174.106192,-30.754671,145.428337
-210.114051,-19.918965,140.568704
-193.515847,-50.237407,163.98107
-165.805511,-46.927951,148.57738
-205.366395,-27.299131,140.784244
-187.557102,-58.729743,159.471358
-163.479171,-72.38923,143.170251
-195.666583,-35.125073,134.976172
-184.27319,-61.766122,162.219817
-160.370113,-73.238324,156.149718
-190.507444,-39.087825,137.640676
-181.427081,-59.695664,164.072454
-150.566358,-63.202418,160.358805
-186.059521,-38.301056,140.142148
-173.050252,-53.301152,160.148896
-146.021154,-58.168399,148.355484
-180.091907,-31.459352,135.436056
-162.04408,-50.523572,157.774273
-137.22782,-58.442659,142.617064
-171.008571,-25.049729,134.240318
-152.885439,-56.021508,155.018473
-128.791096,-73.231831,130.704506
-160.557921,-26.563129,132.391088
-137.50049,-65.175953,151.383091
-111.720325,-88.264567,122.26946
-147.360861,-36.453726,130.987479
-117.921478,-74.768117,148.26364
-88.92709,-94.569313,114.001745
-136.387593,-43.577973,129.074351
-101.716416,-81.433476,138.694978
-71.156939,-103.215831,101.795755
-127.876292,-47.398838,124.272112
-93.191236,-87.287695,133.675525
-66.264558,-108.180142,97.832566
-120.026741,-51.089998,121.517163
-99.758935,-96.241758,137.23792
-89.800936,-105.782957,101.022261
-116.507191,-52.811746,126.805234
-116.494111,-101.231452,140.920548
-117.456638,-116.909556,104.638447
-115.114904,-54.591443,129.663524
-133.317551,-97.992902,143.993007
-140.519343,-119.023006,112.002371
-120.701829,-55.536702,130.735788
-142.279177,-97.734613,144.468751
-156.597921,-127.724956,110.898832
-124.570524,-61.254983,130.972083
-155.827043,-104.431009,145.969772
-161.818915,-132.765427,105.057294
-131.17985,-74.62704,130.695801
-169.772129,-100.513057,151.678479
-174.249201,-116.562162,126.945632
-137.59347,-83.713622,134.111478
-181.336032,-88.571486,150.704547
-195.866247,-100.460167,132.720608
-141.706374,-90.919905,130.256269
-197.715448,-83.988214,149.934069
-222.760305,-89.382514,129.127228
-155.682158,-94.506204,131.759932
-216.74525,-76.80618,147.194512
-244.107528,-72.751199,122.301075
-180.890522,-102.12157,132.294346
-227.243818,-82.775238,144.452174
-253.771235,-98.208359,104.900777
-191.414069,-99.757397,134.233349
-225.291617,-90.488891,145.312375
-245.771842,-105.546756,100.559274
-182.823491,-95.984599,136.428943
-221.219691,-98.970805,148.090179
-245.953286,-101.063248,119.980221
-178.948361,-93.485219,139.685264
-215.401224,-105.72842,146.955852
-256.252735,-104.665294,94.753429
-179.64291,-92.881861,136.629274
-211.082986,-109.080141,148.650103
-249.351737,-108.628421,112.488284
-180.116848,-93.351224,139.133158
-204.329465,-110.218231,147.794092
-253.329891,-109.113787,110.403209
-178.310102,-93.507516,138.422774
-189.681025,-110.242411,147.938283
-225.212588,-116.543746,92.479251
-166.607811,-89.226592,137.24541
-169.381138,-106.548092,148.73384
-169.120515,-133.792195,101.324203
-150.104011,-82.704851,135.990078
-153.447535,-101.856143,151.052197
-134.020564,-120.154307,115.707497
-142.823608,-73.723839,138.484516
-141.509724,-97.7358,152.881681
-133.937573,-121.081221,117.097835
-140.77537,-69.37108,138.46936
-131.356601,-97.586382,151.001085
-136.994224,-128.561873,108.970508
-137.276798,-72.067817,135.470859
-123.51289,-94.80671,150.4076
-124.233923,-122.976076,110.512264
-133.916389,-72.348501,133.593131
-113.304207,-87.623998,149.589796
-110.170372,-114.040496,111.723559
-128.792554,-65.462313,132.023279
-104.360631,-72.626663,148.215552
-97.343915,-100.67145,116.091635
-123.24551,-55.210174,131.319724
-99.164283,-62.02821,151.476963
-83.514047,-95.494159,117.4042
-118.151244,-50.190732,132.093901
-96.075893,-56.468888,152.52264
-68.403859,-101.079611,108.556255
-109.438635,-49.633714,126.207461
-101.927005,-52.098457,153.881536
-59.808019,-97.556213,98.956955
-105.484802,-51.347048,123.808464
-106.178063,-51.97688,153.864689
-54.541529,-79.923936,93.582989
-106.607723,-52.147718,122.594801
-84.939853,-54.817076,155.156154
-52.413168,-58.83124,109.444977
-105.760995,-49.93507,128.142588
-70.125667,-64.715015,151.994969
-51.529816,-78.379068,114.972453
-98.612567,-43.961725,127.241998
-67.029835,-61.804728,149.084864
-57.773577,-111.700456,97.828859
-86.878277,-36.039619,125.618913
-68.408862,-45.77216,151.612286
-63.675826,-100.362751,111.091578
-83.341793,-24.669368,129.51107
-67.200765,-31.564188,153.410121
-43.036264,-67.6706,117.397043
-82.915725,-16.06714,132.308397
-62.252798,-22.577093,154.840087
-37.954021,-24.137613,122.542842
-83.521389,-12.338269,131.624668
-57.095596,-14.156531,158.133375
-33.59423,-3.642679,120.111054
-83.794553,-11.313346,131.901087
-53.73894,-5.347721,159.594223
-23.766335,4.51864,111.154259
-80.936369,-10.79399,127.945643
-49.433371,0.119172,153.579056
-17.328478,10.986737,103.37664
-78.486048,-8.912737,126.085786
-44.541457,-0.181407,147.813705
-23.067913,11.221659,118.132592
-79.036569,-7.129445,131.833675
-45.900769,-1.186521,145.202265
-16.564849,12.87904,98.363591
-81.927886,-4.574777,127.234795
-55.49104,-7.455437,146.302092
-32.19985,2.257271,108.309327
-90.060722,-4.674128,126.855287
-71.533245,-32.801987,151.276871
-53.231474,-34.683465,121.861885
-91.960193,-5.902486,127.072225
-88.285618,-52.53013,153.424951
-69.598102,-67.788719,125.766046
-88.277986,-17.219865,131.732848
-88.726078,-67.906162,150.53928
-65.13039,-90.500477,116.998314
-89.244479,-31.199974,130.565253
-87.805698,-86.235824,145.888311
-64.544929,-100.970667,101.891051
-94.764987,-49.871738,126.750487
-99.741414,-95.995274,153.478236
-89.174302,-105.553483,114.315298
-94.866722,-59.600235,131.133378
-118.014634,-93.456756,156.308349
-116.367481,-107.982232,123.396825
-99.171847,-67.458659,133.503619
-130.168454,-87.29128,153.60762
-137.442433,-98.046656,126.229469
-109.548506,-79.174507,129.043278
-140.300226,-90.517496,154.000822
-153.510897,-103.050213,124.971206
-120.913261,-79.288981,128.432906
-149.598837,-103.240017,151.205294
-155.375278,-127.232662,113.559628
-126.029563,-85.714955,128.445998
-156.481751,-109.78314,144.124034
-160.362133,-135.865685,103.068588
-130.618951,-90.992252,123.715224
-164.984352,-100.691117,151.474949
-170.963051,-113.87595,119.46327
-133.08333,-94.798367,128.327386
-164.509488,-83.933688,153.761841
-175.092442,-90.807941,126.53599
-136.891253,-96.76664,128.249256
-160.854014,-74.58082,154.742716
-174.273034,-73.92599,124.824933
-142.525808,-91.741664,129.064366
-159.867993,-64.726965,155.680529
-176.735432,-63.189855,125.350715
-146.024581,-87.187107,127.75039
-163.283895,-55.564254,155.940711
-183.225523,-47.739479,130.663768
-157.842392,-85.263778,127.049634
-169.182892,-49.574933,155.036073
-181.439867,-23.319871,135.31394
-176.425799,-79.331165,128.587447
-174.392735,-44.778889,153.318385
-174.469609,-13.18498,129.379952
-189.238435,-71.913173,127.813197
-170.249327,-42.743284,152.228704
-170.595814,-20.097858,114.624406
-193.667323,-65.892759,128.018647
-163.951617,-46.638282,151.056892
-167.685385,-32.441761,104.608181
-191.901894,-62.840039,127.47579
-165.695277,-50.604808,151.106098
-162.875792,-32.553519,106.771787
-191.698023,-68.785817,127.267758
-169.233825,-50.997177,153.774308
-157.945825,-27.80452,121.424406
-194.176527,-67.987377,128.777464
-171.450912,-47.851236,156.091521
-160.820882,-21.066703,134.040707
-193.314067,-62.620295,130.953262
-168.855243,-45.411452,156.840053
-173.943003,-22.048089,138.29888
-190.679604,-57.983108,130.18035
-170.053708,-45.854344,157.62172
-159.883089,-17.35861,143.020693
-191.528428,-58.987047,130.55867
-173.188561,-48.652917,159.607445
-169.960515,-27.748688,141.652033
-191.242977,-62.05699,131.841101
-176.326029,-52.598824,160.109813
-178.592538,-40.18264,139.328062
-190.666083,-68.482416,131.248599
-177.556057,-55.7284,158.75315
-181.838053,-44.943693,136.100595
-189.161152,-73.164685,130.124476
-178.139486,-57.152347,158.289628
-181.590156,-44.713117,136.033247
-188.454626,-74.531446,130.32423
-179.245774,-56.913818,158.330548
-182.593827,-43.76866,134.030154
-187.987579,-74.000082,129.824788
-180.510378,-55.745134,160.100637
-183.79173,-42.970246,131.950191
-188.545511,-72.678275,129.408626
-180.812857,-54.602339,161.280775
-184.150669,-42.997926,131.337843
-188.798331,-71.622095,129.276098
