-151.598112,-0.040528,155.311348
-155.40559,-13.965779,102.29788
-153.983153,6.540238,104.646166
-151.181157,-1.047664,154.84331
-155.300524,-15.080398,97.847419
-152.615268,6.823054,102.720552
-152.136062,-3.297625,154.922449
-162.352293,-18.196062,76.239229
-152.298708,5.88486,97.406724
-153.443055,-7.534489,154.397478
-166.940525,-22.335212,81.781123
-151.630035,4.53164,94.871098
-155.977254,-10.357492,154.503565
-170.492253,-22.031544,81.621721
-149.028141,4.980892,87.789519
-154.818046,-9.526329,154.394729
-172.752757,-21.750057,80.260678
-148.78706,5.30514,87.020121
-150.652084,-2.396877,155.063135
-167.752615,-21.588391,79.619617
-148.876369,7.919849,88.359126
-150.9314,-0.627048,155.241949
-161.199481,-20.184552,80.644794
-148.826356,10.940986,89.515069
-153.654139,-0.518903,155.809434
-126.767915,-31.666477,114.973623
-125.647202,17.3692,109.316152
-155.246077,-0.08841,156.607454
-125.113868,-9.257526,129.714991
-124.628708,6.816516,120.869738
-154.611519,0.10357,156.755986
-128.791025,-35.769324,133.989634
-122.169284,23.847207,127.440457
-154.634711,0.057404,156.785619
-135.656799,-43.08477,127.084268
-125.610253,32.637932,123.167051
-155.600698,0.305515,156.568412
-125.969197,-5.688345,132.640608
-124.607415,5.991587,119.519018
-154.646738,-0.317058,157.508573
-128.192811,-4.665411,119.82142
-131.038863,11.294488,106.7966
-152.34428,-1.166683,158.476439
-150.619728,-17.147091,87.313878
-150.506193,15.225264,87.208551
-151.184558,-2.922147,158.22173
-160.369905,-18.621715,87.738388
-151.561428,14.230514,87.423296
-152.324496,-4.212997,157.730719
-159.444902,-18.545676,87.8987
-148.95843,14.087065,88.837345
-152.969382,-4.205371,156.611398
-160.027893,-18.419054,87.682847
-150.425337,13.219258,89.220187
-152.892602,-3.592419,155.391996
-160.100763,-18.550468,87.926415
-150.576221,13.54985,89.210831
-152.184521,-2.764899,155.928187
-160.445819,-18.488612,87.422263
-150.930533,13.765938,88.911951
-151.113525,1.861148,156.308409
-159.670136,-17.701472,87.249472
-151.115843,15.255651,89.356243
-152.147072,3.981928,156.351814
-157.393474,-17.103875,87.410874
-151.539434,16.460352,89.556019
-152.484845,4.967095,156.367717
-156.214047,-16.225439,87.241261
-152.215651,17.051996,89.485759
-152.059249,4.632217,156.666827
-156.072038,-16.525703,87.13873
-151.985594,16.829141,89.199943
-151.925689,4.333269,156.953625
-156.07417,-16.816817,87.02471
-151.868903,16.889449,89.055226
-151.907914,3.349304,156.730618
-156.119298,-16.959123,86.949453
-151.90451,16.728922,89.122081
-151.708925,1.400568,155.463603
-156.414323,-17.211878,87.038433
-151.984756,16.408882,89.09514
-152.467643,-1.832138,154.587574
-143.647935,-22.655065,93.182239
-151.820655,15.69509,89.004868
-153.229882,-2.848431,153.611293
-134.106493,-24.839308,105.518835
-151.755558,15.356893,89.108597
-151.392916,-1.674834,155.166943
-131.80244,-24.657126,106.97291
-150.513214,13.282306,91.099498
-145.680587,-2.504443,156.371473
-131.534074,-24.766229,107.07703
-144.374143,7.504385,94.837388
-138.935082,-10.576295,156.029039
-126.573725,-26.892804,103.187812
-136.29204,2.645157,94.138858
-130.934472,-16.20149,156.337901
-118.419247,-25.89243,103.076388
-127.06224,1.359693,97.895344
-120.637483,-16.289167,155.946188
-107.72075,-23.404383,105.073204
-109.96226,1.048961,103.387141
-107.114251,-12.828663,156.833131
-95.998351,-21.764003,105.836028
-95.32528,-0.511826,104.476133
-93.135451,-11.730579,158.667569
-84.175479,-23.723545,109.698183
-82.3098,-5.307787,106.754335
-82.052683,-17.597678,157.631895
-76.220905,-30.29143,109.173107
-72.916762,-11.013106,105.846289
-73.400846,-29.852154,156.160116
-65.674667,-42.248254,107.885961
-60.533046,-22.694332,106.28054
-64.8064,-44.447599,156.800153
-55.93157,-57.793118,110.768757
-49.086271,-37.585146,108.140404
-56.796829,-53.791586,156.961653
-47.526264,-69.985426,112.431206
-40.366645,-47.666972,107.102087
-50.083322,-63.739604,156.245783
-33.194151,-88.569003,133.41674
-28.656426,-61.900113,105.895432
-47.495479,-70.427389,157.007657
-36.863983,-106.195623,129.485618
-19.635609,-77.245949,129.688112
-50.188211,-77.379974,157.400502
-51.490359,-105.95002,105.85671
-25.105422,-96.742305,133.603759
-60.003511,-82.669559,157.331551
-69.76304,-112.527318,105.383051
-40.580552,-103.885278,109.935889
-72.43837,-88.34796,156.001586
-82.210086,-122.717461,112.927929
-57.070192,-108.775824,102.351187
-82.24991,-94.934826,156.358608
-91.734404,-129.324709,120.741032
-69.502637,-115.317456,105.597881
-90.032893,-100.207584,156.357926
-101.774863,-135.021816,128.000743
-76.427756,-122.994637,110.232264
-97.508131,-105.765251,156.286592
-114.32997,-141.212477,132.265185
-81.728586,-132.009804,121.607427
-105.986554,-110.1459,156.943405
-129.920332,-138.231017,113.818522
-94.16559,-140.536079,133.022202
-113.805224,-111.605582,157.151292
-137.382047,-128.589836,101.780603
-108.619028,-144.992096,115.817385
-119.949638,-111.190775,156.943
-153.568512,-130.626734,117.816949
-121.479292,-134.817702,102.48996
-128.323712,-107.362719,156.854566
-161.723899,-125.940881,140.055089
-133.57696,-134.128727,110.069253
-137.517977,-101.787086,156.79214
-175.406862,-117.126404,146.327676
-143.663805,-136.112127,130.529816
-145.420072,-97.167185,156.161267
-184.466036,-110.996233,141.626421
-152.72398,-131.909227,140.042133
-151.522849,-94.873522,156.138283
-189.565262,-108.731123,133.803029
-160.23243,-130.335122,138.068107
-156.609883,-95.157498,154.350948
-191.378723,-107.303096,117.980296
-167.078457,-130.853825,124.231699
-161.161563,-97.987857,152.661102
-191.677159,-103.646384,104.813478
-170.487495,-127.562702,108.098517
-167.157752,-101.375247,152.711127
-197.370416,-101.52965,104.00209
-176.690809,-127.046453,102.65748
-173.774995,-103.484533,153.196769
-204.070011,-97.627848,105.007062
-185.922936,-126.5092,101.984997
-180.247553,-102.983073,152.410952
-213.111321,-91.122087,108.004095
-194.311033,-122.394742,100.887124
-188.981313,-97.169335,152.730218
-227.799518,-84.95685,122.844711
-205.932061,-117.441992,104.814223
-199.91587,-85.35352,153.726441
-241.042327,-68.846241,125.33415
-222.046175,-109.449142,121.550549
-209.456845,-75.684629,154.442301
-247.601523,-57.823614,115.290569
-233.435074,-100.269222,122.03485
-218.463278,-68.225953,153.259912
-247.347844,-50.866124,105.128477
-242.37005,-91.390231,115.120363
-225.314964,-63.731809,152.910041
-249.982461,-45.924775,104.483935
-248.308957,-83.725608,107.614942
-232.459347,-61.424101,152.018151
-255.454083,-39.72953,104.934073
-255.713234,-77.601337,103.579072
-240.400479,-58.12523,152.043266
-262.26141,-35.45301,110.362076
-264.293322,-70.935546,101.322803
-243.839683,-51.568094,150.737931
-268.050984,-25.55906,125.317517
-272.974438,-62.886147,111.453315
-244.770356,-40.057649,149.678499
-266.124651,-7.026323,129.391803
-275.738308,-49.422432,120.324159
-244.087057,-22.811219,150.047275
-262.450461,11.475224,119.987309
-276.833858,-29.499925,112.925283
-244.259852,-9.339525,151.605516
-252.85557,23.230898,106.27303
-268.763901,-8.590474,103.057204
-241.808116,-0.039414,151.585682
-242.780341,38.365841,114.249223
-265.840629,12.332304,113.626996
-240.455518,7.757464,152.802026
-239.294232,47.944656,131.606907
-267.433305,25.531994,129.061544
-241.901549,14.953484,152.772934
-232.1787,57.244189,129.751528
-272.791817,31.592966,128.379302
-243.26335,22.156752,153.357227
-228.60027,63.286708,124.408943
-275.525746,37.521403,124.361302
-243.194365,25.543423,153.393363
-225.712681,63.690078,121.554996
-274.119247,42.945479,122.889393
-242.887067,26.952957,153.245267
-222.430548,61.555398,121.900932
-270.90164,46.642721,121.866695
-240.493502,27.838131,152.778278
-216.976806,56.103443,124.540844
-264.139035,52.162214,122.309817
-237.405335,28.333356,152.303831
-209.744766,51.297862,128.10616
-256.928744,55.873451,123.753467
-233.438753,28.600223,151.723118
-203.119197,45.985833,129.241016
-250.265084,57.917828,123.715469
-229.452049,29.531896,152.659297
-196.631967,42.091849,128.416759
-245.076466,59.014907,122.30507
-222.831385,30.854094,152.07007
-187.703133,38.747319,125.9116
-236.591577,60.808246,119.064698
-207.943822,30.256596,150.44226
-173.597419,35.346998,125.656775
-222.527154,58.509353,118.712145
-190.100149,29.044422,151.068992
-164.215303,27.91908,127.624211
-203.034562,49.928482,121.7987
-185.000763,25.156063,151.709283
-164.248474,19.129587,128.806961
-193.224089,45.392881,127.678012
-191.215199,15.777139,146.599536
-176.483251,3.654906,126.096632
-190.522819,35.075113,126.290347
-199.516577,8.966366,147.725349
-187.897879,-6.112417,127.11218
-194.984461,26.533019,127.619396
-210.209454,5.316963,150.940125
-199.548779,-13.986632,130.912373
-202.791231,23.373103,128.98903
-220.994172,-0.496877,153.419818
-208.742744,-25.68558,132.371174
-209.362827,19.475455,126.459641
-231.872422,-11.488724,153.285602
-221.672107,-40.556024,125.279675
-213.872291,9.195823,121.46492
-242.862113,-16.690399,154.403351
-234.279702,-47.802779,123.531495
-220.631952,6.13212,122.75781
-248.989284,-12.094536,153.432982
-236.787422,-44.324078,121.16091
-227.937223,11.201918,122.757269
-251.237271,-8.568734,153.607451
-236.512143,-37.524063,118.98182
-231.877413,16.777619,121.603303
-250.809372,-3.65007,154.263136
-236.788805,-31.488685,121.083009
-232.509628,21.012672,121.383038
-252.639748,4.384638,155.543098
-239.617343,-20.533706,121.75074
-238.134265,26.199663,119.496357
-254.474857,10.9731,157.469953
-243.996918,-8.470351,117.243257
-244.591636,30.01945,115.037456
-256.317296,12.692941,158.12922
-246.991674,-6.062505,117.176762
-245.57286,30.412382,113.744827
-254.941345,10.186124,157.75699
-245.758659,-9.77385,119.154971
-244.640858,26.056101,112.6419
-250.663526,-0.159813,157.311131
-238.411573,-19.490951,128.964022
-238.670342,15.819579,114.425104
-244.666065,-20.741945,155.123579
-232.169854,-38.066065,129.976347
-231.092003,-5.121798,114.72507
-235.46319,-37.974633,156.461235
-224.615598,-50.09991,125.381062
-224.285508,-21.91894,116.083606
-222.901814,-47.736346,155.208273
-212.626794,-57.772308,121.592056
-214.651718,-28.292189,115.52975
-209.374352,-52.298875,156.558972
-198.898812,-65.423313,125.150279
-200.765875,-35.349219,115.116549
-197.483693,-59.036495,158.447374
-184.991533,-72.089933,125.092886
-189.522004,-42.319029,118.08745
-183.14156,-72.670454,155.893237
-167.405719,-80.036778,122.553022
-178.795283,-51.191777,116.363412
-166.972865,-82.802195,157.865439
-152.880215,-86.031811,121.705003
-169.147003,-58.951782,117.398986
-151.996065,-83.359248,154.269273
-139.084887,-83.99106,119.403056
-159.915573,-58.804738,116.090803
-139.997623,-78.828642,152.682324
-127.023229,-78.302251,118.630263
-149.709643,-56.618966,114.400754
-131.505451,-77.687927,152.793687
-120.745316,-72.87316,118.602684
-147.514105,-57.774613,111.781881
-126.248639,-79.302259,151.688045
-120.17971,-61.838842,126.704041
-145.020981,-69.659872,102.943125
-122.073746,-81.824172,151.905161
-106.854297,-54.631434,129.53758
-140.145913,-77.215084,100.669965
-120.731145,-84.05362,152.147387
-101.225872,-54.895692,108.772347
-140.794787,-80.686101,99.895123
-120.093314,-84.912634,152.564688
-111.06832,-60.253585,96.37887
-141.532032,-84.761604,99.677063
-120.524308,-85.498094,152.476614
-123.274554,-64.31686,103.43021
-141.125807,-85.774156,98.961399
-121.37885,-85.963177,152.485187
-124.495632,-56.996548,124.107729
-140.320479,-86.510353,98.738245
-121.662473,-85.829653,154.661277
-116.373373,-50.96174,130.249702
-140.799626,-86.690094,98.350484
-120.523048,-85.989834,156.570019
-106.339513,-53.778022,126.322103
-139.918221,-85.801163,97.876289
-120.026066,-86.605888,156.490509
-102.998755,-60.46244,122.565426
-138.660502,-85.016958,98.634901
-121.702003,-87.878372,155.952617
-103.190595,-64.640613,123.082686
-139.194978,-86.78602,99.759828
-123.113261,-90.373779,156.085803
-104.698439,-67.614095,123.64745
-140.195751,-87.856389,100.311941
-124.239076,-91.85445,156.342137
-106.117094,-70.987393,123.650236
-141.46786,-86.780446,101.244488
-126.109907,-92.501351,156.812821
-109.091161,-74.419454,124.741035
-142.855073,-86.486385,100.456952
-130.083915,-93.529308,158.403426
-114.20467,-77.773392,125.755391
-146.821549,-89.444367,99.77534
-133.016821,-94.091859,158.616999
-117.681834,-80.69864,125.086433
-149.528484,-90.091179,98.792351
-133.536483,-92.591099,158.20897
-115.102196,-81.493412,125.129999
-148.193022,-89.511657,97.202933
-127.601098,-90.014827,158.099128
-107.946191,-80.069156,125.104623
-140.042454,-87.386875,97.597011
-112.873654,-86.284193,157.556416
-92.055558,-75.669906,124.271788
-123.901197,-79.165117,98.125461
-98.34083,-80.64601,159.486697
-81.757917,-66.820322,125.898222
-106.958745,-81.590822,100.352161
-89.969218,-70.921686,158.006127
-76.84388,-56.379935,125.460423
-104.657064,-70.462086,102.676073
-95.556245,-69.049026,158.873175
-85.563762,-53.104555,129.116993
-111.55401,-71.758288,107.071274
-105.287229,-74.28363,156.314619
-101.207119,-58.795944,133.592481
-119.22637,-82.735996,107.011422
-121.277723,-83.024104,153.693307
-120.115215,-65.438658,132.420755
-134.533237,-88.482644,106.349109
-145.276269,-90.100602,154.025692
-142.66628,-68.059508,134.757285
-154.244832,-89.314306,110.231958
-164.991527,-85.040632,153.918036
-160.132416,-64.44509,137.149139
-170.690751,-81.954519,110.996185
-182.318708,-70.463789,152.272753
-179.188276,-52.616947,135.394181
-191.580496,-67.526008,110.62213
-199.728826,-55.657426,155.635128
-199.218063,-38.406095,135.434938
-210.985127,-55.644874,112.402931
-215.753003,-41.266448,152.95999
-212.166003,-24.173393,132.650286
-228.386932,-37.432585,110.69385
-228.386715,-24.438351,156.159687
-215.252863,-10.067577,134.616897
-235.338668,-18.895347,112.300996
-231.265071,-6.108312,154.17415
-212.163233,3.025154,133.057211
-234.690996,0.229949,110.051852
-228.645257,11.657803,155.390189
-207.391172,14.92325,134.108327
-231.872769,18.951036,109.883687
-228.289248,29.368451,155.738108
-201.659984,27.087182,143.738387
-228.230688,33.417022,107.777423
-224.73309,44.76264,156.658862
-187.419536,35.567288,163.10302
-224.539683,47.424712,107.538011
-218.465563,52.13969,159.059482
-169.307765,45.755153,158.070377
-219.029893,53.850197,108.315669
-213.733112,53.738144,158.301749
-174.661641,44.903224,144.830171
-212.456449,57.558272,109.795139
-213.096002,56.995272,157.933679
-186.578336,32.888065,146.456948
-208.498847,58.734573,110.087162
-211.673456,64.003411,159.239474
-179.537962,34.896776,162.704062
-207.581287,65.426156,111.284203
-209.281649,68.413797,159.768595
-170.332093,43.114389,163.448472
-207.022814,70.383147,110.77875
-209.583571,68.809426,159.384022
-171.720577,50.148858,149.199988
-206.849494,71.060049,110.838638
-211.171138,68.898739,158.30092
-182.922865,43.577196,140.71868
-207.514052,72.738361,110.375347
-213.294651,67.988458,157.310021
-193.095519,39.046087,142.613249
-209.558776,71.872065,108.779832
-215.367205,65.341128,157.698535
-197.825815,42.258695,139.663129
-210.062092,70.57745,108.542172
-217.553229,61.932478,158.968871
-202.367646,40.495021,139.043058
-210.831537,67.673442,109.214071
-219.599097,55.928794,158.95855
-207.801879,33.470819,138.393756
-212.991114,62.015584,108.759601
-222.672022,39.706557,156.810157
-214.900194,16.197867,136.336176
-213.149115,50.567772,110.781545
-223.92749,22.739567,157.070515
-220.699039,-3.868023,134.70023
-212.55603,39.580231,116.126923
-221.097658,12.456222,156.988407
-217.337019,-16.495659,134.548431
-210.744676,35.015114,121.450347
-213.746321,6.918673,157.156968
-202.37357,-21.452517,132.537434
-205.874202,28.21747,118.655849
-205.887579,5.410172,158.07613
-187.128737,-22.556296,132.441533
-201.576131,24.665974,115.262958
-198.30375,2.434295,158.68435
-171.495459,-20.378176,132.948802
-200.1254,21.921323,115.364523
-191.114626,-1.195994,157.62908
-154.417679,-11.295162,130.337825
-199.779117,14.447063,112.096378
-183.214667,-5.66189,158.138221
-148.233701,0.064867,129.099212
-197.976365,3.919433,110.93545
-177.958065,-9.409171,157.701659
-148.622621,6.290655,130.670452
-195.767981,-2.141976,111.663363
-176.617879,-13.875964,158.197316
-154.492397,0.474206,133.266208
-193.664132,-4.206092,112.470926
-180.312802,-19.56553,158.576044
-158.601215,-16.000417,137.956838
-192.196512,-6.06918,112.109957
-188.107216,-20.613537,159.534931
-162.984903,-28.029386,141.0115
-194.035935,-8.383097,113.090442
-192.653544,-22.050118,159.087128
-164.832835,-32.458309,140.706723
-197.070633,-9.372615,113.628026
-191.280893,-25.8517,159.106745
-163.641357,-35.66487,139.901919
-196.652122,-11.073515,113.173626
-185.632873,-30.338455,158.817078
-155.978308,-37.502466,139.572823
-190.754194,-14.543311,113.223815
-180.63207,-30.566359,158.804999
-142.629377,-27.973312,138.540989
-185.93948,-17.8868,112.97219
-178.195948,-31.189832,158.992113
-141.448198,-15.625765,135.802981
-185.783471,-19.620407,113.203638
-178.002077,-32.095372,158.466691
-150.782397,-15.611378,132.791155
-185.914291,-19.729217,114.005355
-181.860113,-33.717818,158.438009
-157.493802,-27.820006,136.058478
-186.18787,-19.449204,113.894103
-189.582354,-34.272796,160.771108
-165.040047,-40.06179,141.343146
-188.688132,-20.103446,114.941196
-195.690542,-32.721084,161.701969
-173.087151,-46.933935,141.382701
-189.735368,-21.107641,117.75772
-199.516913,-34.060299,162.056695
-180.828742,-50.577594,143.078744
-184.714567,-23.608775,138.656676
-199.596409,-38.494804,161.066434
-186.219033,-56.673298,140.486695
-183.198824,-30.535942,138.848207
-201.151075,-41.473534,158.576896
-195.403532,-58.383494,134.681231
-183.964429,-35.859242,133.835087
-209.423793,-35.532897,155.671805
-211.646806,-47.795134,129.527314
-190.293264,-36.29231,128.696084
-222.314434,-23.14111,153.001962
-229.103746,-28.130691,125.194746
-204.678409,-30.58736,123.588234
-237.065812,-11.534477,151.770954
-245.625586,-12.204796,123.442766
-223.410493,-22.23626,121.116414
-254.720387,-1.863079,151.79084
-264.17664,2.157729,123.585438
-246.406873,-14.573858,118.746352
-264.718136,2.672563,152.783564
-277.221698,12.09459,122.623726
-260.282977,-12.636533,118.644639
-272.650953,3.402261,153.627573
-284.696915,22.314316,121.909714
-267.365976,-11.738398,117.969664
-281.074796,9.068007,151.534582
-292.631312,34.710456,121.603463
-277.810698,-4.185004,117.247787
-292.99352,25.410604,149.025686
-303.099486,51.540381,120.932668
-293.447479,12.582916,115.974962
-304.371801,37.227094,150.75704
-310.477082,61.937862,121.613282
-305.636047,20.829349,119.078088
-307.456121,40.092921,151.903477
-310.85647,62.492109,124.578149
-311.192462,24.227785,118.654899
-309.304774,40.700238,149.677054
-316.004185,62.036793,124.304132
-309.986584,22.390419,117.481615
-311.324608,41.64768,147.865519
-325.840078,56.413792,126.664151
-304.366668,26.708918,115.233213
-304.096845,47.342245,152.098264
-322.656968,47.907954,129.04547
-290.046934,42.61526,116.527008
-297.125701,56.686669,155.786481
-309.100694,44.811098,129.707993
-277.553688,57.097925,120.25152
-291.198704,63.434154,158.177961
-297.796731,44.680708,133.545272
-271.253363,70.254776,119.655752
-285.492984,69.206103,156.404632
-289.934654,47.510949,132.664761
-266.648879,78.261988,120.144766
-282.190751,70.555468,154.932915
-285.856556,44.601643,132.488005
-266.796635,81.037622,119.571351
-282.071666,68.309892,154.379894
-280.809852,40.547345,132.236611
-269.795226,84.115823,119.753027
-282.903143,65.558235,154.814689
-277.772631,40.032762,140.107454
-272.920316,83.285537,118.546246
-287.605696,63.657701,156.307746
-280.089107,40.123292,138.252014
-273.499587,80.103858,120.195024
-294.434651,54.693638,155.653323
-285.348946,33.858361,136.34126
-276.262256,72.77635,121.176422
-296.806819,47.931513,155.961412
-287.649097,27.154887,137.232424
-278.398837,66.217497,122.826091
-299.254759,49.064175,153.395317
-291.174676,27.56854,135.379091
-280.065144,67.463275,123.945329
-304.839631,55.518607,150.350076
-294.508456,33.5544,134.757013
-283.708783,70.91073,124.751534
-309.31873,60.718431,150.075445
-301.180776,38.84754,135.664965
-287.142715,72.520117,123.788301
-312.014918,62.05519,151.983831
-306.549418,41.530779,136.236279
-287.686589,70.545691,122.05808
-311.79086,63.021927,153.737997
-310.886667,40.559825,135.88686
-286.537139,67.649315,120.429667
-310.921234,62.466624,154.672393
-316.098921,37.158024,136.588126
-286.092234,65.774859,119.833395
-309.02448,60.40349,156.066024
-318.61877,33.431903,132.587609
-285.663159,63.139057,118.294539
-305.287095,55.101127,158.029675
-315.997738,28.920925,129.380913
-287.205231,56.666357,118.27337
-303.031036,44.833264,158.616204
-314.273633,18.877188,129.531715
-289.202023,43.682659,117.9645
-303.158457,33.947891,159.651004
-316.880487,13.91611,139.935502
-287.751262,28.493381,119.674973
-302.709023,26.815688,159.047829
-319.000968,12.480423,142.866606
-287.533472,18.402536,120.938403
-298.949546,21.537693,159.241948
-317.292797,8.319545,137.869015
-286.483698,14.366804,120.191826
-295.119796,14.999595,156.163983
-314.104666,2.079773,131.429977
-283.0587,10.875526,117.670933
-290.770695,6.292872,152.868488
-308.521171,-9.664169,127.055452
-281.042146,7.822865,115.637954
-285.269076,13.613248,152.556695
-291.076423,-13.498125,130.792176
-281.769567,13.492243,115.177598
-295.918099,27.132229,152.249856
-279.691277,6.709624,129.508379
-290.314101,32.877007,115.293309
-301.756064,38.79001,150.982024
-281.895991,31.004928,128.538527
-301.859648,49.874049,113.784751
-304.798933,50.584878,151.457233
-288.060253,53.04158,129.515916
-312.560044,59.731359,112.859459
-305.094905,60.918081,151.462746
-292.106581,68.147876,129.881929
-316.310639,65.263726,111.145331
-303.459072,71.198314,150.129408
-290.984504,85.016382,127.638422
-317.063389,71.131492,110.777254
-296.611826,86.176579,149.915788
-283.765289,100.480939,127.017109
-309.769461,86.909188,110.061081
-288.366106,98.12275,151.143102
-276.129898,109.236175,127.095161
-302.146285,101.380453,111.630355
-283.150087,109.298127,151.840935
-269.596375,116.629622,126.724244
-294.762105,115.306865,112.268341
-278.037208,116.910372,151.752232
-264.011908,122.696474,125.706372
-288.148591,130.170177,112.642708
-274.019839,122.872106,153.528868
-261.295043,127.30377,125.790399
-282.55322,140.967231,113.860567
-269.606666,128.336338,154.185681
-257.134893,129.261903,124.293253
-276.200597,145.244369,113.633086
-260.349866,131.452984,153.206952
-246.580074,131.938271,122.889664
-265.12114,150.833596,114.76755
-249.099214,132.61843,155.014826
-234.405797,132.817566,124.84397
-253.010981,154.383687,119.418809
-240.505472,137.568803,154.699663
-225.132098,135.146199,126.077312
-245.899136,156.942725,118.251588
-231.271525,145.135087,155.077906
-214.690582,139.106646,126.018699
-236.999338,160.965904,116.148933
-219.781838,154.759082,155.322656
-199.94104,143.781538,128.474634
-222.597921,169.174551,117.817483
-207.175033,160.470351,156.847531
-184.383039,145.077944,130.526357
-208.70644,175.17364,123.736135
-193.781924,157.374657,155.251917
-172.386051,140.494536,127.454306
-196.328748,172.831897,122.747544
-179.436932,150.687615,152.968951
-158.487199,132.738123,125.384786
-181.578845,162.508545,118.531816
-166.110122,145.821417,155.980526
-146.245783,124.918628,126.676206
-167.650878,156.302478,118.806207
-158.316983,144.876344,156.693469
-138.275411,122.672169,125.185333
-160.024164,154.392821,116.061469
-149.642117,144.083276,156.622238
-129.41926,122.041865,122.916223
-150.326514,152.852194,115.243141
-136.415224,143.051749,153.077672
-117.872294,122.772874,120.401184
-137.601565,153.704432,114.149351
-121.82062,139.043866,152.688634
-106.33934,121.738831,120.03428
-122.140659,152.49043,113.927359
-109.361553,131.592823,153.416627
-96.625404,116.14995,118.855543
-107.617455,147.187308,114.822412
-96.188756,120.158537,150.9979
-83.847226,104.890949,116.28975
-89.802143,136.566054,113.605222
-81.89019,107.852053,152.1668
-72.752571,91.319921,116.04378
-72.494323,123.765725,116.073522
-70.205421,101.294371,152.307213
-65.058023,84.490727,115.938687
-59.067514,118.211856,118.021578
-59.620442,98.669612,149.707996
-58.929956,80.985813,115.220105
-42.464237,116.102835,120.581423
-53.33012,95.194663,151.309443
-55.155586,79.046855,116.837339
-27.179902,111.130322,122.798973
-55.422246,93.352193,152.301361
-63.494195,77.630251,118.680503
-28.919536,95.605872,118.181142
-59.780426,92.855628,153.834455
-78.218797,83.480639,120.241189
-40.701149,84.165505,114.464698
-63.006258,90.517882,153.351833
-82.59102,85.464244,119.825491
-45.858521,77.850572,115.163272
-49.492331,81.669083,153.596788
-69.283493,73.631872,119.823693
-30.904968,78.565435,116.450088
-34.208895,82.419687,153.419784
-48.536567,69.876476,121.150608
-14.371147,86.748939,117.007237
-24.812615,82.825751,153.095658
-33.753672,67.761502,119.01967
-5.865703,92.243754,115.417011
-21.984474,83.76588,154.725247
-21.104855,56.86788,125.981979
2.261108,79.841733,121.361943
-21.371529,83.211405,156.631175
-29.696326,49.944376,180.980486
6.930247,80.487721,182.869972
-21.4219,81.441649,155.725581
-37.189599,56.147536,184.08626
-2.19074,90.769018,187.335626
-22.972381,81.809422,155.532403
-35.905145,53.932643,181.445817
0.407809,87.572732,184.64821
-25.143519,83.134477,156.180734
-27.696828,45.630117,162.853144
9.180239,79.8183,173.42974
-25.854342,82.422213,157.42774
-19.748527,63.231988,177.530934
4.358712,77.176401,176.282728
-24.723082,84.040814,159.213014
-42.137981,50.82055,178.661791
13.019855,85.163425,173.373678
-26.619016,86.33432,160.808634
-27.008633,54.816644,166.228106
7.18952,76.744437,171.25186
-26.955358,86.48952,162.556744
-26.079789,65.272635,182.925095
6.049618,78.762175,172.942235
-25.355047,87.131554,161.242984
-41.602575,55.42166,177.416352
16.536662,84.00142,165.924539
-26.109844,87.024324,160.877163
-42.919496,53.537904,173.762428
15.244928,81.206416,165.794804
-26.384722,86.767085,159.926094
-40.437946,55.370217,166.6791
13.466216,78.446878,159.655823
-29.630536,85.830244,158.147781
-33.268392,60.482637,139.554625
3.206,70.793083,133.447322
-28.499331,84.823448,156.608012
-32.306578,62.972298,120.227095
-6.535838,71.338821,111.545148
-26.50,84.295063,154.548738
-32.616952,64.0496,116.982274
-5.086672,75.170599,108.983084
-26.278562,85.118207,153.151177
-32.568876,64.492862,115.856388
-2.040088,78.514273,108.291262
-24.993196,86.408236,151.906649
-28.582867,63.178328,108.94266
-6.883094,80.70855,99.888484
-23.534894,87.442334,151.604768
-32.606656,72.654825,87.641664
-3.406496,77.721535,113.141976
-21.707406,88.340709,152.006718
-27.280423,73.062435,92.815086
3.18799,84.74605,143.002015
-22.876095,89.130702,152.138491
-16.752829,69.005221,139.664796
11.824189,79.673764,111.270017
-22.812694,89.798412,152.213166
-24.42745,66.133503,137.392847
6.608943,81.162764,110.803668
-21.82413,90.560038,152.698191
-28.23656,66.846572,89.832237
10.314097,92.343569,150.755547
-23.594259,89.268904,153.221659
-44.00758,68.199577,104.844694
12.83918,81.122224,133.820776
-28.206864,89.337933,153.477898
-60.219227,79.540589,139.929544
-10.617919,76.98791,90.453867
-29.247855,90.021056,155.118876
-73.091825,82.022698,124.081645
-22.565136,66.30136,122.718611
-31.843435,91.43045,156.790617
-67.205296,97.550849,90.636121
-39.006578,70.854281,146.3622
-40.471337,94.598964,155.059244
-78.48084,116.095144,101.761626
-48.415055,64.566483,120.358665
-43.109531,97.098197,154.733918
-81.035817,129.485396,131.210319
-44.086475,81.371794,93.72422
-40.413085,97.950797,154.944606
-79.667306,121.243311,145.181608
-51.857862,89.189775,101.424776
-35.886776,99.257722,155.853193
-78.515164,90.635493,135.835048
-44.383544,80.312623,118.987591
-31.75769,98.90773,156.517245
-63.408415,82.85443,101.953337
-17.597963,76.076965,137.730141
-28.849073,96.973136,156.569567
-34.154079,83.859465,112.147211
5.861026,71.705435,120.285427
-25.401612,93.938992,156.580015
-20.188321,80.454387,140.922931
-4.072272,85.413696,96.091659
-20.503024,92.238922,156.025071
-4.424421,62.945726,137.447364
-3.124359,91.867761,113.918755
-15.652726,91.290365,154.643899
-1.409865,76.772878,105.113014
15.242839,101.132069,131.218704
-14.507305,89.554717,153.999788
-9.357676,90.322203,122.79484
22.186683,102.073929,100.647067
-17.130683,88.681412,154.185539
-4.323784,75.251622,140.208169
1.15891,94.737173,95.637606
-17.78723,88.991781,154.374779
-12.325813,51.918562,123.746213
1.403051,90.265658,106.127111
-17.486419,87.3314,154.739359
-46.272669,56.202713,108.344404
3.836088,86.863594,106.605876
-22.568043,85.986597,155.320609
-58.311422,76.388387,105.329554
1.246366,75.232644,114.332167
-27.219807,87.010446,155.477585
-60.742854,88.255468,115.652639
-4.353121,66.759803,123.022
-29.168777,88.222275,155.687725
-58.116342,87.917867,136.646421
-4.089864,65.66793,122.723549
-27.571872,89.425558,156.426534
-46.244351,73.705101,154.855219
-9.539289,73.829779,109.224711
-24.483906,90.691802,156.825045
-29.396031,56.606497,139.14693
-15.294607,83.131792,99.67975
-22.712178,90.963547,157.097715
-20.436052,65.067664,113.538429
-16.60144,84.294159,97.664144
-22.844064,89.256386,156.64837
-16.909744,78.273133,118.677078
-16.019267,83.686381,97.145287
-23.091792,87.920307,156.309619
-18.849979,80.969088,130.004503
-15.945626,82.604334,94.271227
-23.946565,87.775023,157.558276
-25.113146,78.237702,137.974666
-14.983814,82.029297,93.116954
-23.089188,87.372853,158.098991
-31.865668,71.991932,140.651438
-14.224801,81.742137,92.954623
-20.863977,85.739588,157.675417
-39.844904,63.954375,137.115031
-11.351505,81.43434,92.953965
-24.338168,83.083385,157.086622
-47.540092,59.1957,128.572551
-11.873434,80.093513,94.1429
-33.80052,79.624885,156.543959
-56.640214,55.844852,115.868279
-19.634642,76.852795,99.004324
-42.675385,76.97177,156.321288
-61.481782,65.266394,103.466509
-28.934166,77.181691,101.015747
-48.523893,76.915652,155.492967
-63.298707,66.820162,109.997832
-35.476854,77.646144,101.955104
-51.354911,78.569285,155.170161
-71.980781,60.556829,128.559106
-31.293194,70.637003,116.22121
-52.229741,79.858208,156.071028
-84.689193,62.875392,137.906896
-19.843402,71.673024,137.847037
-54.093475,80.540903,155.887844
-84.978672,66.335183,133.998853
-21.48998,70.031391,133.455142
-54.344832,80.794244,155.865554
-85.089847,67.205568,134.337518
-23.083217,68.987796,132.833208
-51.728072,81.158696,155.449249
-81.175144,62.726778,134.658568
-20.046008,74.029674,130.988819
-48.327137,81.444834,155.537068
-72.834265,57.069572,133.0508
-16.605438,80.890766,125.576346
-42.429877,82.093764,154.822103
-65.722485,54.272588,134.685934
-14.634624,88.976819,116.554186
-37.718547,82.469955,154.284269
-54.672684,50.916409,135.264284
-18.186963,97.628537,103.854909
-37.141939,77.262598,154.158745
-48.399841,47.301299,135.885235
-26.2031,96.651936,98.578215
-40.923345,69.706463,152.999367
-51.827013,40.724624,134.731332
-28.708736,84.6391,98.963518
-46.423474,59.948964,152.005995
-53.383394,30.164255,133.498783
-40.352302,72.348781,96.899279
-56.890166,48.093005,153.236948
-66.469212,21.497615,129.053182
-49.619149,59.065314,98.506026
-62.991206,40.779269,154.880602
-77.710513,16.86209,125.543891
-50.261407,51.651229,98.382778
-65.55099,33.864268,156.203782
-84.626951,14.895399,125.816584
-49.367521,41.473377,97.901101
-64.689091,25.333242,155.884056
-86.447811,7.852012,128.247069
-50.874323,30.167181,96.467944
-60.320651,11.845996,155.862854
-82.365518,-9.712981,135.604183
-48.18001,15.404474,95.487732
-59.007316,-0.276268,156.083055
-79.833431,-24.420516,147.482329
-42.973757,2.463901,98.187969
-59.020944,-12.354008,155.085253
-73.725532,-42.577244,151.188179
-42.917786,-5.318002,98.616151
-60.141698,-27.815414,153.150272
-65.747987,-63.909293,142.512977
-47.597713,-17.236412,95.166767
-59.350947,-46.577959,154.363206
-58.918063,-84.866763,133.613149
-52.303063,-27.471556,96.369448
-55.653563,-62.84274,150.271376
-52.844999,-101.538084,105.701425
-55.492244,-26.855048,96.317888
-55.712849,-66.478157,149.277984
-56.046568,-99.533042,115.739599
-54.753604,-31.488551,96.138806
-56.145577,-64.575426,151.041532
-61.497972,-96.356044,140.999986
-54.376612,-36.071033,96.309668
-54.866506,-61.409413,152.186101
-53.465922,-105.121566,128.801063
-54.803176,-33.419737,97.398271
-54.383997,-58.268535,152.364236
-54.06539,-97.066519,102.748208
-56.330094,-29.71193,97.344801
-56.25421,-55.684039,152.195419
-55.26946,-91.914308,132.111471
-56.837684,-27.224421,96.774321
-58.770343,-54.232917,152.727619
-50.78975,-95.702465,137.404804
-56.777951,-27.831829,97.351854
-55.729178,-50.595107,153.157085
-51.134815,-99.326794,107.999262
-58.76363,-25.184646,97.479862
-55.667419,-35.831972,153.177053
-42.616555,-82.315897,113.113924
-59.305948,-20.309103,97.494763
-58.071811,-26.108298,154.665302
-34.498305,-55.276603,139.306605
-64.362342,-10.303824,99.031034
-62.778161,-11.96594,155.825155
-27.576103,-27.647245,139.609846
-71.521179,1.669706,96.634813
-65.837532,3.71899,154.615732
-21.58753,0.136677,121.823669
-79.030169,13.352832,95.495026
-68.599594,17.368513,151.944829
-18.425629,10.969518,96.445227
-93.55004,19.104506,93.522287
-74.386889,26.524834,155.740744
-27.41787,34.567436,126.904591
-96.886564,21.600724,95.829683
-78.273361,36.640811,155.851607
-42.566376,58.218483,140.470516
-92.819502,32.199679,95.752341
-79.447526,49.512172,154.806976
-50.450465,84.992842,118.503387
-94.025676,44.52891,96.654395
-81.99132,63.25994,154.252025
-57.130909,93.52718,100.29171
-97.567498,45.170797,96.813281
-87.190006,71.791348,152.777583
-75.464323,97.27766,122.430134
-100.942992,48.659052,96.330843
-97.701281,74.073615,153.257903
-89.932229,101.220101,126.886575
-107.895573,55.722303,93.29148
-110.839197,75.647037,154.058488
-108.769548,109.246495,134.777625
-120.382174,63.484159,95.258242
-119.747796,80.581663,154.04145
-124.531404,120.737579,127.380884
-125.642395,66.517701,94.759901
-125.536944,89.226209,153.802867
-132.591991,130.577779,112.327099
-130.680121,70.562622,94.215043
-129.190282,100.089771,153.428708
-132.777914,135.705358,101.484234
-133.932896,75.33898,94.682428
-122.221182,102.785179,151.769084
-116.590373,129.354064,118.990884
-134.683201,80.604001,93.822331
-105.668514,94.45572,148.503837
-90.03386,115.193746,128.693561
-128.29553,82.702963,91.177436
-96.316945,88.990787,149.41484
-66.537058,106.571039,124.941065
-121.645513,83.233397,92.038964
-89.868943,93.425935,150.272227
-52.891034,107.112968,106.036871
-115.628179,87.90063,91.616773
-93.298781,100.10047,151.113315
-70.925952,122.068468,136.20188
-112.252517,90.281968,93.239374
-103.332429,100.682736,152.461372
-107.314829,130.70754,136.145871
-118.547615,87.673615,95.210907
-115.668041,100.451304,152.32454
-130.421275,134.118611,112.928208
-128.984513,86.120822,94.829769
-124.619927,103.012316,152.445822
-126.492514,135.505422,109.867611
-142.590807,92.842597,98.989072
-122.014955,108.909532,152.138368
-101.90389,119.799309,121.470183
-149.04003,122.391107,118.956811
-108.504606,108.506495,151.116915
-83.252247,103.694597,119.68772
-142.840459,135.961027,103.793276
-97.057279,103.903467,150.970645
-63.454936,100.14175,118.090747
-126.270474,116.814007,113.158829
-91.988603,102.966628,150.396908
-53.780657,101.30109,103.230616
-111.43605,101.613026,115.027786
-99.261328,106.665651,150.359269
-67.824772,108.008462,129.895905
-120.059112,113.151522,126.420082
-106.550754,106.274687,150.897369
-89.835809,113.069827,135.798072
-146.336935,126.575436,103.610644
-119.677143,106.337205,152.281725
-110.122308,123.856561,133.787101
-139.848258,108.439066,103.289414
-134.22076,100.815231,153.187182
-135.030832,141.158414,113.382934
-136.715749,85.888863,96.485803
-145.022614,93.396952,154.468419
-148.501172,117.053749,107.657281
-145.285244,77.074529,95.166536
-148.850014,90.542068,155.152819
-159.176148,104.15411,112.69864
-144.66785,74.391939,94.465392
-152.709794,89.278357,155.728131
-166.491748,100.537195,114.414485
-145.157852,70.488694,96.551249
-160.756921,92.729802,155.621811
-178.556049,101.631275,112.890829
-151.487475,70.775292,98.636923
-172.268967,97.289827,155.553403
-190.573228,106.140546,113.156079
-159.504518,71.155565,98.659569
-183.176808,97.821643,153.919315
-206.16059,110.612672,119.813168
-164.551424,67.490477,96.279612
-194.463458,91.676828,152.6831
-227.711677,114.657482,113.851785
-175.606605,61.964762,94.49465
-209.938167,77.004654,150.043097
-234.635128,113.942523,95.117453
-187.501842,53.02008,91.576317
-218.159281,71.475321,152.290956
-230.811245,90.258248,112.285436
-195.982506,47.415866,92.388221
-214.356518,69.756443,156.712251
-219.244095,75.975046,122.796563
-201.238703,50.948373,89.639667
-207.761981,62.394006,157.183857
-212.81564,68.872232,124.788629
-198.440685,45.743704,92.48037
-197.497637,50.523226,154.055551
-206.735564,58.434389,124.611727
-187.599977,38.31244,96.879277
-193.680521,47.141993,157.205995
-200.70228,52.364261,126.33483
-183.899541,35.138579,101.027588
-193.367365,48.257932,158.606661
-197.124773,53.794754,129.871315
-189.975226,34.497198,105.461266
-192.782068,49.980739,158.25857
-191.416678,60.004299,130.302953
-195.684583,37.791981,108.179157
-184.374832,57.165374,157.052662
-175.965809,69.353071,131.530596
-190.970962,48.753447,108.435955
-165.752312,65.751856,157.132088
-153.694349,76.559242,129.331062
-177.206907,62.291701,108.592925
-144.303839,73.403224,156.217596
-127.919361,83.897656,126.071416
-160.658614,76.086658,107.345963
-130.322448,81.877463,154.752526
-111.165476,90.459911,121.661764
-154.835082,93.599083,118.627954
-122.482214,91.481224,153.008173
-104.569818,92.179099,120.8236
-151.531603,118.88823,118.75257
-118.536791,99.847741,151.887089
-101.571324,95.07312,121.228589
-150.47921,133.903553,96.208325
-116.000817,104.05729,154.67191
-100.752197,96.063321,125.311752
-136.546715,122.018706,103.775892
-112.412022,103.686879,155.48718
-97.000437,95.902266,127.526258
-122.570764,110.586568,106.884107
-103.127486,99.552714,156.180549
-81.150509,97.878682,125.607967
-111.565736,106.262625,109.004779
-85.976348,91.07873,155.135873
-56.914829,102.79362,103.714358
-95.536982,103.93937,106.888139
-73.663679,86.719911,156.94648
-58.239247,99.151957,107.741592
-84.310502,102.930034,109.18909
-69.131291,81.955167,153.98535
-59.057555,87.681711,122.459855
-74.629347,101.918882,109.539179
-71.095927,81.663198,152.963492
-65.20607,81.715401,131.111094
-67.479011,101.78824,112.980962
-70.922112,84.812397,152.01593
-61.458867,78.982198,138.432754
-61.354897,105.870408,122.958192
-67.070769,86.798825,151.261333
-50.744998,68.095451,140.701466
-57.696418,105.71059,125.368336
-59.537066,83.442031,151.235815
-37.759695,55.662217,133.285575
-53.685775,100.762399,120.546447
-48.058908,71.146953,150.211042
-21.082468,41.566103,118.418392
-45.589889,90.665837,117.265891
-35.272057,57.043737,151.382357
-13.274279,32.042812,99.096459
-39.922364,79.869035,112.947668
-29.874498,49.566588,151.275451
-10.607417,30.580723,107.483537
-29.341584,74.143985,120.087038
-33.265159,40.347384,151.646902
-21.47233,31.850821,129.636566
-10.477496,58.146807,121.609329
-42.262882,36.527123,151.509206
-30.69345,30.570483,132.893557
-4.076027,45.857862,93.654874
-44.742227,40.63793,152.546418
-29.32473,23.99773,129.547494
-3.12259,39.043547,114.69331
-33.453833,42.604657,151.694197
-20.617272,19.213433,105.754391
-8.614548,56.949846,133.040588
-19.112947,49.480713,149.563327
-16.495453,30.170531,92.878402
-10.343121,69.374311,131.194936
-17.27578,51.885061,149.343038
-8.704389,28.357808,123.791114
3.173771,60.812055,118.038233
-17.478023,52.923669,149.055911
-17.452928,33.787933,130.464047
-1.102206,55.717276,97.58995
-18.131205,54.150054,149.619601
-13.87941,29.948048,116.026145
-2.292449,68.505389,124.709116
-19.728866,53.74302,147.686637
-16.40347,32.675718,99.677199
-9.772228,71.5552,124.40632
-24.454969,49.378285,150.546339
-21.378889,28.802032,123.520552
-5.560825,58.38242,116.156184
-28.568328,45.987581,148.686674
-25.189479,29.51174,126.785627
-5.566815,51.047883,101.61782
-29.176544,47.740175,151.497214
-14.357282,27.337585,109.741074
-16.835174,60.415281,119.340071
-29.233632,50.339371,149.146963
-17.578106,32.55251,101.262517
-20.411509,62.876971,117.823172
-33.367165,46.44444,152.465998
-24.163335,29.904455,124.771689
-9.347277,53.095719,107.945892
-35.814363,44.610229,150.765118
-25.720451,31.653443,127.868476
-16.308797,55.284554,105.347172
-34.151743,54.823862,152.097835
-16.41647,45.861746,127.792527
-33.163019,72.527311,110.148825
-40.742298,70.751024,153.17161
-18.196274,69.26914,136.903534
-52.788243,81.482271,105.423893
-55.222275,81.717104,154.18299
-32.099613,92.748316,140.257056
-73.142557,84.270201,104.57432
-65.023451,88.497314,152.467386
-44.244165,110.747951,116.163833
-87.341897,88.602274,107.429593
-68.202078,92.907357,151.899075
-52.544714,106.241559,115.852911
-90.610706,98.761746,122.099364
-67.319924,93.458451,152.864997
-51.511196,98.87464,136.173527
-74.052032,108.917534,114.067202
-66.436124,91.50193,150.809979
-55.119663,99.907149,135.678929
-76.370986,97.240379,104.080558
-68.575919,87.983692,152.408045
-67.979786,104.150592,133.557025
-89.083048,79.550413,105.941051
-75.919795,84.146033,154.379247
-80.917388,104.730793,133.948002
-89.133043,62.160767,100.4733
-85.47276,82.210995,154.78525
-93.538555,106.015584,134.776266
-91.842663,56.545097,94.934948
-97.120304,82.231725,153.382381
-107.9762,111.362382,134.046247
-105.138715,59.512701,93.524404
-107.608424,83.058435,152.362796
-117.122386,118.157738,130.007592
-117.88578,62.987175,97.958889
-116.686947,83.561297,151.606821
-126.678447,126.183407,115.157727
-123.739635,65.905855,101.690063
-124.093989,88.168512,151.440619
-132.417376,129.61989,104.783794
-126.592774,71.677977,100.768725
-130.323945,97.046508,152.866146
-149.374979,125.037258,105.591033
-132.153665,79.874364,101.883769
-135.414008,98.20187,154.911996
-159.493542,106.813788,121.150235
-134.529103,80.072073,104.539909
-136.094131,92.504909,155.118487
-159.567257,90.958328,128.796694
-134.387559,68.768697,113.818795
-134.823374,87.131172,155.226612
-155.334358,75.248588,122.606773
-127.714276,60.161481,117.641018
-136.552299,82.49411,153.384004
-150.764726,73.585883,111.509434
-125.022321,59.573182,109.200988
-137.793373,78.030083,152.519591
-151.078333,71.271061,110.170988
-125.582331,58.363013,106.167637
-137.688388,75.604283,153.37973
-151.144636,67.024987,113.947834
-126.208364,54.860115,110.6459
-137.719518,74.624949,152.895273
-149.612941,63.963746,115.191478
-123.903812,52.916737,111.470271
-139.84853,74.763002,152.327183
-152.088035,66.204145,114.098273
-128.552888,53.059402,109.331647
-141.947848,76.452429,151.335741
-157.59583,71.440291,104.029276
-136.237168,53.64679,100.773565
-142.056033,77.73013,151.609439
-165.131442,77.590029,118.187709
-156.120842,55.77924,116.014581
-140.11498,76.033919,153.162383
-178.008328,87.853538,161.779577
-157.093976,44.953803,168.970573
-138.520252,76.299866,155.197576
-173.249968,94.5287,161.388487
-142.463375,40.221246,172.916133
-136.503777,75.872961,155.679463
-172.725635,87.249346,162.652239
-140.982616,36.022952,168.494573
-134.894917,73.885275,156.256524
-165.154004,54.795356,156.439825
-128.705052,26.408701,154.71986
-135.169557,74.574219,156.006248
-161.453354,55.349847,156.667854
-129.433221,26.622174,155.312378
-134.754133,74.410627,156.261543
-177.737857,82.866396,154.763274
-152.435962,46.481844,160.729834
-134.02686,73.808684,155.634124
-174.536179,85.316582,153.905205
-152.649334,45.471829,160.147164
-133.34382,71.87889,155.22131
-159.55118,58.747398,152.288591
-135.118974,22.621132,146.984585
-132.998812,72.463065,155.129958
-159.701659,58.925955,147.003439
-133.240027,21.068367,139.550913
-132.701776,71.919538,155.253489
-172.578062,82.551949,136.95846
-148.747606,40.742197,139.649706
-133.795919,71.860251,153.899062
-169.736995,84.028822,127.584469
-151.07176,47.28905,127.056742
-134.987345,71.15894,153.315073
-157.448893,65.040506,125.555494
-137.096533,31.206029,117.653343
-137.055735,71.38893,153.360319
-159.152465,70.822398,118.547092
-136.885919,38.779558,109.334309
-138.787475,73.144691,151.842925
-159.619473,91.997663,103.107846
-143.297422,55.331877,98.821658
-140.090512,74.745869,152.13296
-155.549064,93.026721,102.734052
-143.821793,53.297698,99.69767
-140.588387,74.510943,153.308649
-154.365161,85.523027,104.284066
-140.761598,47.841456,98.005072
-140.263907,74.582122,152.962278
-154.401404,83.596097,104.05371
-139.788898,50.802575,96.714106
