-128.248222,-1.703409,102.782893
-147.10802,-9.33794,46.326681
-157.339569,7.672947,72.834907
-128.967099,-3.632843,107.511271
-147.475422,-8.273096,49.230812
-156.921712,5.934693,78.055247
-129.782744,-4.27036,112.73834
-146.978039,-8.037428,52.701994
-157.000008,4.282288,82.674537
-130.064628,-4.837887,117.122703
-147.253759,-9.264185,56.013757
-157.153624,3.431464,86.368865
-129.687105,-5.357772,120.600773
-147.344608,-11.712955,59.410208
-155.886309,3.170857,90.587511
-129.573574,-5.700184,121.541741
-146.602855,-12.642596,60.374755
-155.134825,3.026824,91.982528
-128.980976,-7.572741,119.935115
-146.313607,-12.802117,59.435564
-155.103982,2.505101,90.68917
-128.904889,-9.338222,120.764968
-146.857957,-13.442128,60.418454
-154.689579,1.538295,91.478465
-130.425911,-10.781515,124.349758
-146.115687,-13.922636,64.746407
-154.267707,0.52621,94.115488
-132.627338,-10.585267,129.260644
-145.073537,-13.584388,70.150674
-154.545067,1.101442,98.095007
-134.404682,-9.042881,133.84534
-144.355972,-13.7059,75.544185
-154.392745,2.103442,101.930936
-137.953335,-7.411193,141.467679
-142.015111,-15.355921,82.775027
-154.086131,3.307167,106.510396
-140.036557,-6.689841,143.860833
-143.567556,-15.668762,82.259855
-154.325093,3.635163,107.831782
-139.045132,-7.669115,141.764505
-144.75563,-15.051681,78.968751
-155.491617,3.63975,106.066062
-140.345731,-8.902126,142.884705
-146.250265,-15.226497,79.274398
-155.794433,3.44774,107.244012
-141.219833,-11.129293,142.983633
-147.720668,-17.688375,79.070489
-155.845147,2.093306,107.549427
-142.431317,-13.158311,143.502483
-150.231603,-21.767591,79.539842
-156.299065,-0.18797,107.951288
-143.577995,-12.856841,144.663675
-151.048381,-24.569452,81.206993
-156.544936,-2.354348,109.847513
-144.972906,-13.58304,145.214811
-152.013333,-26.749706,82.04392
-157.866793,-4.267161,110.349058
-145.300643,-15.798208,144.575781
-153.118915,-32.090321,81.513068
-159.241233,-6.53774,109.786092
-144.724766,-14.931798,144.187168
-148.812111,-36.282344,84.772262
-158.727695,-6.607316,110.226102
-141.963132,-10.616173,145.755745
-141.303296,-36.312837,89.708657
-154.658224,-3.116295,111.282874
-137.724787,-3.806567,147.117245
-130.25767,-29.620162,94.922754
-148.571066,2.92143,113.078541
-133.608661,2.312177,148.886992
-119.401829,-23.700536,100.032202
-142.135967,13.417274,116.61721
-129.88494,6.270022,150.14547
-109.438407,-19.226453,105.03651
-137.083752,23.163169,119.218954
-126.652696,7.336166,150.617374
-103.736799,-15.878166,107.951509
-134.931595,25.486917,120.683845
-124.308308,5.637436,150.198807
-96.229299,-10.603268,109.296605
-133.66881,21.302567,120.726146
-119.389347,-1.6016,151.183054
-87.316186,-4.70349,108.489116
-131.912373,12.423587,120.65518
-112.902729,-7.658355,152.040744
-83.562802,-1.567694,110.924075
-129.40861,10.464031,123.048899
-108.66117,-10.800833,150.796927
-81.204666,1.214677,115.275188
-125.927841,8.889187,123.378739
-100.523661,-14.858057,149.099375
-72.030091,0.30938,125.618677
-112.759897,1.123373,121.670154
-88.373492,-17.583137,147.76105
-58.845353,-3.755371,130.33109
-98.984637,-0.016037,121.631166
-70.31713,-18.528235,150.90297
-39.355115,-9.08832,132.71501
-80.963988,-3.765312,123.290755
-58.933711,-21.20613,153.530592
-24.776505,-18.588977,134.198871
-68.2454,-6.983634,124.723994
-47.108552,-24.892518,154.938545
-7.849332,-31.715399,131.425305
-52.648238,-16.216569,122.991727
-32.891827,-37.037708,154.184932
2.453265,-43.066861,129.234619
-39.312821,-25.886043,123.330399
-20.242462,-49.002012,154.014329
14.979247,-61.631107,130.081369
-26.212057,-32.969975,122.16173
-12.880343,-55.659255,153.027381
16.956211,-76.972581,127.601522
-12.747314,-39.736991,121.851187
-6.156221,-64.785908,152.949577
14.681789,-94.385979,128.221068
-2.020779,-49.654957,121.686265
-2.252191,-76.208802,153.747245
10.232064,-108.651511,127.210053
2.017809,-61.280274,121.7076
-5.138977,-88.733341,153.433466
2.702403,-123.298322,125.915547
-0.482273,-76.540941,120.177059
-16.388846,-107.202324,155.198889
-9.517703,-137.629227,126.099767
-7.061,-95.226071,121.439111
-21.943494,-114.451876,156.457245
-22.772378,-147.493844,126.645958
-11.804729,-106.393475,122.093089
-26.879833,-120.647982,155.925703
-33.253151,-153.12353,126.388507
-15.32683,-113.261023,121.886972
-34.12101,-128.2312,154.281844
-46.71291,-160.325329,125.436937
-20.615469,-124.183975,120.049862
-40.875565,-135.877312,154.420916
-57.606095,-167.066086,124.555603
-25.632943,-130.449494,119.260691
-50.639204,-140.6717,154.967151
-73.231272,-170.387952,123.741923
-37.070387,-135.766436,119.090847
-67.583485,-140.966389,150.799796
-90.552253,-169.66915,123.053203
-54.000657,-136.9561,117.653106
-83.502404,-141.086519,152.116116
-109.134295,-168.10071,125.689838
-71.464009,-138.438745,118.511156
-96.506988,-139.38113,153.316091
-121.075705,-166.282007,130.165231
-80.054922,-139.261045,119.07102
-104.485885,-138.687244,154.248476
-134.082068,-162.270923,136.801008
-90.892013,-141.478083,119.648309
-114.626961,-139.889936,154.275506
-147.862122,-161.98279,141.142758
-102.43108,-143.973366,119.245492
-122.658547,-143.359918,156.377609
-156.795553,-162.888015,141.480391
-110.707975,-145.051371,119.719148
-133.490977,-144.402209,157.756437
-168.947241,-162.448153,138.926452
-119.656826,-146.44961,120.765733
-148.706056,-143.054932,153.254662
-181.152061,-161.799875,129.60967
-132.891501,-146.370067,119.065677
-168.670843,-139.630161,151.307019
-198.92249,-159.428527,123.372716
-152.732317,-143.706395,116.687272
-184.968788,-135.961079,152.590735
-216.166017,-154.283456,122.088564
-169.629155,-141.914128,118.77818
-198.833373,-134.382274,151.837686
-231.613556,-149.193666,117.476415
-182.39347,-142.600557,117.686924
-214.070938,-133.470475,150.394227
-246.748745,-141.771347,114.223557
-197.692497,-143.563894,116.776957
-227.122955,-133.745172,150.71745
-263.309367,-134.672855,114.116543
-213.331297,-143.751784,117.23598
-240.287742,-131.198288,152.408625
-274.208716,-124.239839,114.437191
-224.037413,-140.880745,117.932088
-252.185253,-121.002799,151.146275
-286.238447,-114.39601,113.348545
-237.266292,-133.479617,117.457733
-266.289923,-105.240614,148.947195
-302.200775,-99.649246,113.519957
-256.176632,-118.042665,116.482937
-276.487405,-89.103019,149.320889
-308.904897,-78.725586,114.709063
-270.102876,-108.038079,118.351701
-278.995464,-76.603284,149.970032
-304.692369,-60.84134,115.95667
-278.664644,-97.965266,118.600713
-280.21966,-69.015714,151.082437
-300.019829,-42.095363,118.177091
-285.180383,-87.416471,118.630056
-284.536542,-61.158649,151.717775
-301.560929,-27.975518,120.617878
-291.703274,-78.205238,117.179808
-288.434578,-50.902223,154.81828
-300.254879,-18.035191,121.534004
-294.939167,-69.027466,118.410877
-287.78588,-41.521018,156.444132
-298.00673,-5.512841,121.077732
-295.356119,-55.235105,118.30796
-283.152351,-26.947882,156.384287
-295.249216,8.619334,122.326382
-291.766871,-41.01576,118.324198
-279.52656,-13.604017,156.14225
-290.890304,24.535035,124.421772
-288.012197,-25.219664,118.374383
-278.476646,1.500617,154.76581
-291.305741,36.595669,124.334155
-288.306108,-11.602942,118.123068
-277.898287,14.030564,153.250435
-288.313649,49.815062,125.03573
-291.012806,2.185878,117.257666
-274.312898,27.199019,153.72215
-278.544688,64.323245,126.815158
-290.097642,17.296026,118.194736
-265.429864,38.732078,152.931323
-265.966812,76.093236,124.771662
-283.480847,29.120302,117.497796
-252.740562,48.040697,152.193948
-250.069769,85.799069,125.088686
-270.517862,36.365276,112.439788
-237.625387,58.935935,153.032373
-234.061118,95.056016,126.186488
-259.302717,44.30456,109.048894
-228.392338,62.19176,152.446067
-215.297115,96.625594,126.099369
-251.344469,56.488385,113.331833
-221.902727,61.357189,152.980011
-196.141089,87.119282,128.017617
-242.219046,62.663064,113.322053
-220.85405,58.422473,153.597827
-187.267826,73.521191,128.752099
-239.168944,62.998637,114.552362
-229.542451,51.091338,152.918366
-191.100012,51.874371,129.972466
-241.791023,59.905959,116.922514
-237.261255,46.350694,154.270078
-198.94951,34.591034,130.415876
-246.883396,57.126963,118.74243
-242.324294,42.718883,155.608496
-205.866543,23.740044,131.830479
-248.688029,55.522673,119.677062
-245.521768,38.751383,155.655911
-213.584272,9.60471,130.5352
-249.147499,51.306288,120.302267
-247.479647,32.556011,155.885043
-220.706447,-3.994207,128.795122
-248.266671,44.189682,120.673893
-249.881544,25.423629,155.272009
-228.795531,-16.013098,127.457812
-248.619137,36.336181,121.135166
-251.658595,20.815844,155.008483
-235.736687,-25.059201,128.196344
-249.405136,31.302916,121.126921
-252.936795,18.984218,154.811549
-240.20466,-28.956439,128.810428
-250.125934,28.557202,121.000278
-254.927119,18.893132,154.601529
-243.51143,-30.360006,131.414101
-252.300466,27.472013,120.417214
-256.486473,21.128287,154.899627
-247.01796,-28.224658,137.186296
-253.892146,28.61737,120.726849
-258.587916,21.956603,155.265181
-249.258294,-25.299254,142.280971
-254.828681,30.377859,121.249237
-259.560671,24.719351,154.953308
-249.814329,-12.171928,148.433404
-255.464076,32.353076,121.379194
-259.884923,26.485238,154.411092
-255.13127,3.306979,137.954171
-256.319282,34.810659,121.158206
-260.48875,28.161087,153.994307
-253.222355,8.366748,124.538567
-256.994154,36.28706,121.200519
-259.458372,31.501352,154.704544
-246.224739,14.610882,118.091842
-257.460496,39.167816,120.730085
-256.937787,36.032716,155.091021
-239.202756,24.000417,113.468765
-256.741072,43.586778,120.125086
-254.274991,40.075085,155.090188
-237.235741,33.040293,117.052839
-255.864979,46.784674,120.443922
-253.05295,40.791006,154.970847
-236.541562,37.992287,121.310568
-255.251901,47.697069,120.803019
-252.459352,37.363532,153.866722
-236.273271,40.377695,127.609658
-254.171515,46.774566,121.225896
-252.382153,35.235334,153.675615
-235.657293,40.797825,132.333197
-253.504616,45.433046,121.283894
-251.490142,32.792573,154.543118
-235.257981,37.402327,136.592973
-252.022837,43.552649,121.312611
-251.41569,29.887097,155.395925
-234.474333,30.765436,139.09826
-250.496634,40.480056,121.639191
-250.548067,24.045552,156.185481
-232.842715,18.239595,141.323593
-248.728223,33.288883,122.203411
-249.429212,7.761809,154.98726
-233.175374,-0.419461,141.075291
-246.583526,17.566956,121.120931
-246.932619,-3.542929,156.60629
-231.914797,-19.693913,139.016518
-243.38301,2.794549,122.340171
-240.350298,-17.205471,156.772726
-228.384014,-34.447378,135.46028
-237.972306,-5.481748,123.643212
-231.676885,-25.200894,155.603723
-223.05214,-47.999254,133.682614
-228.45886,-15.996177,122.363252
-222.080469,-30.0466,156.519438
-211.339194,-55.454677,136.091106
-218.029168,-22.883835,123.163295
-210.28703,-38.904135,157.93558
-200.189212,-63.820181,136.604712
-207.852472,-30.404246,124.27404
-200.388562,-48.820638,156.267164
-185.422847,-73.209203,134.536288
-197.09023,-40.429497,122.144869
-188.785405,-62.454487,154.876935
-168.373748,-83.516672,134.287421
-185.370715,-55.485958,121.017324
-175.16852,-72.087857,157.278566
-149.667003,-87.064578,136.679976
-175.286485,-61.797233,124.866846
-157.933114,-74.33444,155.379269
-130.992176,-85.406946,135.451723
-159.359655,-65.636023,121.835305
-141.528645,-70.693646,156.838923
-115.531521,-81.768724,137.24192
-145.207247,-62.70787,123.12682
-129.022342,-67.782716,157.180085
-101.493336,-72.541056,137.43551
-134.318771,-60.306396,124.592714
-112.427995,-62.156245,155.227562
-83.580703,-59.241502,135.818738
-119.226823,-56.243245,122.310945
-93.030019,-54.499528,159.03155
-66.658123,-45.45963,136.887056
-102.232432,-52.281142,124.050415
-85.047084,-45.946985,157.402487
-60.843839,-28.122326,137.473017
-94.593458,-44.446982,124.492664
-81.508892,-30.116908,155.740945
-63.031167,-4.389524,138.449524
-91.785337,-29.385696,121.260753
-80.371227,-20.419877,158.031748
-66.912127,8.575011,139.700265
-88.678534,-23.080823,125.160145
-79.372072,-4.017298,156.570485
-71.56953,27.33383,139.295427
-88.004484,-11.153019,123.890525
-81.520378,14.87938,156.793974
-76.5772,49.135318,138.481404
-87.991055,6.964945,124.30544
-85.785639,35.181331,155.731747
-87.302835,67.365324,137.59534
-89.915443,21.443283,124.956672
-94.053332,49.734593,151.867382
-101.225047,81.413469,135.870544
-97.803717,37.329477,120.385513
-108.077529,67.682489,155.09351
-121.024214,99.181137,138.844722
-110.22942,58.113951,124.645977
-122.472244,84.761298,152.895342
-139.399926,111.408476,140.034883
-121.861122,71.587098,123.670256
-136.857758,97.253562,152.111295
-162.731416,118.646311,139.251959
-135.434588,86.985978,122.283576
-154.863239,102.601568,154.596589
-182.400558,116.297754,139.209227
-147.92031,92.610438,123.912538
-172.793456,101.234784,152.330764
-205.0588,105.739522,136.961529
-168.737521,92.810011,119.627333
-187.688188,97.89087,156.075141
-218.692666,95.08291,139.266309
-179.125214,91.507441,124.139672
-199.114439,93.54914,156.868674
-231.886404,83.643984,138.884735
-190.263775,88.267317,124.181036
-215.608111,85.940326,156.472537
-249.111322,70.492275,137.242625
-206.970574,81.590046,122.969209
-228.819833,73.659725,157.58121
-258.240959,57.306694,136.968066
-215.606545,74.335219,124.547452
-236.358054,59.053252,153.651756
-264.231826,40.216261,134.472979
-223.682679,60.370996,121.063982
-240.206616,41.095118,154.622799
-267.347704,18.440518,134.916158
-228.905788,43.895215,123.300257
-245.468773,24.740558,155.689149
-269.904767,-2.591953,133.704933
-233.516838,27.804492,124.863857
-252.020859,7.051199,153.365605
-272.634022,-25.184698,133.575908
-240.848868,10.285899,122.261944
-254.252287,-8.821056,157.589868
-268.434022,-43.125026,134.789806
-244.117085,-1.205524,125.407715
-253.170441,-27.561875,152.874124
-260.839867,-59.449268,131.98171
-242.68767,-15.152491,122.752698
-244.878865,-42.57056,153.292229
-248.766104,-76.279491,135.810101
-236.221623,-30.560715,122.74322
-237.503928,-56.779205,154.765704
-234.175795,-90.941269,136.812695
-229.590021,-44.043051,125.119735
-228.854374,-68.033344,154.039412
-217.766907,-101.950918,136.536694
-223.589705,-56.079701,123.495952
-218.745255,-80.84458,156.467285
-199.709966,-112.267096,138.406026
-216.980104,-68.50733,125.169644
-202.787243,-90.241724,155.406441
-182.245635,-114.603135,136.343955
-206.215119,-75.411506,124.147405
-190.064391,-90.356341,154.433547
-162.338843,-112.704169,137.014435
-191.529302,-77.153042,123.06785
-174.226472,-89.50111,156.037685
-147.379978,-108.565344,137.606216
-181.13491,-77.50508,124.766896
-157.859187,-88.484142,155.002334
-123.81799,-99.511714,135.915539
-164.226436,-77.176741,122.702369
-140.798331,-88.841784,155.55916
-106.436137,-97.340406,137.867371
-149.289877,-77.272091,124.592666
-120.956373,-82.161803,156.615226
-88.864267,-83.708364,137.329194
-133.930698,-73.340055,125.686321
-112.630712,-74.469734,155.255783
-76.884055,-70.486002,135.62275
-122.253634,-64.428349,122.487785
-102.815823,-61.487823,156.681224
-66.895191,-52.80858,138.19394
-112.572789,-54.037458,123.962513
-95.510047,-48.475567,156.89213
-63.220124,-31.120478,139.729547
-108.366807,-47.016525,124.274758
-90.908514,-38.359548,155.400261
-66.120004,-12.443352,138.384919
-104.495631,-41.255517,123.490546
-90.64926,-28.20369,156.952572
-73.446821,7.390966,137.528184
-103.546542,-36.418922,124.466878
-96.165937,-19.31584,156.065653
-82.715753,20.395271,136.645944
-110.139765,-29.661716,123.151255
-102.131142,-13.357287,156.337245
-89.842542,27.625486,136.508071
-115.561475,-24.463704,124.096842
-106.922913,-5.156951,156.677192
-100.003253,36.912873,136.671001
-119.540055,-17.410254,124.541784
-112.829041,5.258005,156.805887
-114.745653,48.669635,135.079022
-123.102854,-7.385376,124.928601
-120.670622,10.736239,157.207472
-131.581698,50.883162,133.427446
-126.523689,-5.105776,124.05079
-126.290376,10.037893,156.571457
-142.703285,45.340708,132.57012
-131.488213,-7.545629,123.739456
-131.58663,2.168896,157.371506
-148.43113,29.991801,135.460064
-139.70853,-12.972327,124.412306
-134.667788,-6.086248,158.628996
-144.442313,15.845123,140.204996
-146.086417,-16.015622,124.757324
-134.654219,-17.181188,158.178272
-133.617277,3.34394,143.353312
-145.794575,-20.473427,124.352858
-132.704317,-25.830103,156.981861
-121.133261,-9.633451,144.865821
-143.998927,-27.215639,122.698024
-132.597573,-34.55854,156.651471
-111.271986,-18.068395,145.695434
-144.410869,-34.823768,122.322257
-135.234316,-38.875445,156.677158
-109.155011,-13.913406,145.513041
-147.707442,-36.460059,123.262703
-141.747868,-36.268541,157.295882
-113.349387,-2.948836,145.787522
-155.228466,-33.535003,123.380106
-148.729075,-32.082321,159.225947
-120.04792,9.263027,146.077375
-162.484682,-30.147155,124.407835
-152.680868,-29.942742,159.328215
-132.857239,12.758682,140.771212
-165.038401,-29.066553,124.198432
-151.787421,-31.909797,158.881307
-143.737884,-3.486069,139.379477
-163.258259,-31.262949,124.522216
-150.362819,-35.56934,158.290135
-135.986477,-18.475175,146.266017
-159.222333,-34.643397,124.231936
-152.852771,-42.469288,157.595856
-133.520599,-26.467574,154.730912
-158.180119,-44.479685,124.567865
-155.367933,-59.816077,155.517498
-145.291462,-32.902708,161.321434
-156.682945,-63.624209,124.573066
-154.374957,-70.443468,155.749772
-160.738769,-41.644013,161.398382
-153.715629,-73.180835,123.42413
-159.093749,-73.21482,153.419698
-176.653336,-45.244539,153.715426
-156.586045,-76.762168,121.045316
-170.237032,-67.342173,149.552467
-190.67073,-39.622567,147.624544
-168.194136,-73.750741,117.662976
-192.074857,-53.005835,146.025458
-212.753913,-21.547073,143.516903
-195.548673,-58.662876,117.121459
-218.329297,-40.858327,150.319678
-234.249495,-9.970508,144.7105
-217.292646,-49.200799,121.187516
-241.527557,-34.705613,145.791263
-256.663884,-2.360869,140.550058
-241.271391,-41.381671,116.575871
-269.083863,-23.120768,148.219092
-284.091245,10.270632,137.137407
-268.655624,-32.163918,121.497208
-285.824372,-9.884423,145.158039
-301.872075,22.015071,132.363851
-287.45226,-19.972366,119.288898
-303.178512,10.944265,141.972477
-315.846175,32.899182,131.683896
-302.680093,-3.564704,118.881986
-312.192194,20.273627,144.426677
-324.900257,41.09732,132.66027
-313.651909,8.77274,121.297263
-314.684514,28.08395,146.994218
-320.37193,43.48225,134.049274
-318.568504,17.844196,120.630268
-313.788717,30.352972,150.514432
-317.949024,43.276386,133.858045
-324.520381,27.249649,120.57159
-316.977054,25.605653,153.364416
-316.189627,38.77325,132.838323
-328.934388,28.030305,121.471832
-321.696788,21.686224,154.087929
-312.718915,32.378195,132.962467
-329.661405,25.16245,122.430224
-323.649252,15.747958,155.260626
-308.083579,20.403529,130.517001
-328.413665,20.185025,122.469174
-324.35289,10.099214,155.824146
-307.084677,0.00798,129.265662
-326.253922,13.421425,122.851424
-325.47309,7.646737,156.361639
-304.2785,-13.145691,132.82731
-325.841216,10.008731,122.546059
-327.248812,9.355633,157.014161
-302.490347,-16.204121,146.443046
-327.24445,12.382977,123.273479
-329.264952,12.007024,157.368569
-301.257547,-1.327544,156.896905
-328.89377,15.374993,123.671872
-330.496061,12.653683,157.565668
-303.280347,12.261906,152.593105
-329.970421,17.330949,123.672518
-331.431446,13.387413,158.305478
-303.1193,17.002994,144.183619
-330.734366,18.654434,123.263542
-331.774613,13.421955,158.180847
-303.474533,15.708845,136.098642
-331.383655,19.341022,122.809831
-336.868959,13.511704,156.879076
-306.161255,9.86219,131.419683
-333.767238,20.71577,123.290077
-341.565398,15.794934,155.356292
-307.693012,3.86504,132.002568
-335.990094,21.525353,123.067699
-343.858199,16.290697,153.500863
-310.531002,-4.854803,133.619039
-337.891379,21.916296,122.464174
-343.873415,15.026229,151.814907
-312.005036,-8.845925,144.613049
-338.192098,22.06163,122.175158
-342.585339,14.521732,151.52513
-313.458661,-4.83131,153.700739
-337.788586,21.993809,122.056451
-341.44637,15.196432,152.540106
-315.031668,5.44005,156.304421
-337.215585,22.249047,121.994669
-340.844226,16.376923,153.403906
-316.689929,13.755803,149.293205
-337.175056,22.048167,121.897187
-341.317338,16.480231,153.775598
-313.292151,14.405232,139.944118
-337.480592,21.677969,121.937081
-341.874739,17.255007,153.941975
-310.0855,8.391908,133.277596
-337.96608,21.839551,121.775426
-341.136744,18.810415,154.125421
-308.733637,-4.14198,128.853332
-338.090038,21.068932,121.418466
-340.604503,19.86277,154.379218
-309.948656,-15.948729,133.047947
-338.028519,21.301845,121.417098
-340.652251,20.053518,154.364089
-312.716256,-15.828074,144.306821
-338.126664,21.234011,121.433513
-340.761496,20.008176,154.229228
-315.693598,-6.719346,155.460491
-338.397212,21.085809,121.357576
-340.950067,20.147416,154.29875
-317.194992,4.811321,159.275143
-338.548901,21.248915,121.230578
-341.036118,20.84564,154.198211
-316.550598,13.028936,151.089833
-338.539728,21.851182,121.244377
-340.765262,20.797129,154.322328
-315.077545,14.186093,141.132528
-338.358939,21.869162,121.182312
-340.07737,20.328946,154.847359
-311.643377,9.093124,132.505178
-338.170683,21.607763,120.971346
-339.685406,20.309372,155.333189
-312.843392,-1.601029,129.927033
-337.823651,21.931004,120.688059
-339.841002,19.813204,154.883504
-315.26173,-11.254403,135.588627
-337.648914,20.557612,120.608472
-339.75085,20.126188,155.080262
-316.957779,-13.511947,146.03484
-337.607469,20.690154,120.660015
-340.057227,20.224092,155.065911
-319.497645,-7.202859,157.379121
-337.741189,20.970234,120.714218
-340.381963,20.224347,154.628877
-322.155374,3.91978,161.416572
-337.986367,20.897535,120.954022
-340.325045,20.469278,154.407902
-319.246257,12.299223,151.650105
-338.280754,20.578451,120.853242
-339.469389,20.421725,154.625035
-314.429551,11.910878,139.036024
-338.288358,20.670837,120.467461
-339.214963,20.474069,154.687602
-312.304647,6.546208,133.792222
-338.048335,20.674173,120.356229
-339.487119,21.451616,154.835477
-311.724209,-4.246218,131.025326
-337.765704,21.240201,120.52168
-339.383882,21.940998,154.133804
-314.516774,-13.796948,139.905792
-337.536174,21.413037,120.53579
-338.944774,22.360773,153.802101
-317.181918,-11.625104,153.043781
-337.565712,21.623181,120.409685
-338.329506,22.200777,153.158812
-319.879346,-0.726509,160.032611
-337.58663,21.560972,120.293237
-338.344007,21.033672,153.247949
-320.290734,6.281461,158.996828
-337.792086,21.381569,120.274148
-338.574367,19.96263,153.274626
-316.924102,9.639586,152.085882
-337.831873,21.149223,120.258918
-338.396799,19.902886,153.484843
-313.924319,11.029107,139.544041
-337.71314,21.057942,120.097091
-338.29368,20.288661,153.62352
-311.536432,5.482952,134.76574
-337.7043,21.183424,119.971669
-338.505979,20.00556,153.653122
-311.321035,-5.946464,133.593161
-337.744481,20.959551,119.820186
-338.376175,19.784261,153.674986
-313.666,-16.863523,139.327515
-337.768011,20.687617,119.649242
-338.245751,19.709857,153.656487
-317.009835,-17.056035,150.193399
-337.584333,20.505511,119.744111
-338.178389,19.923046,153.340785
-318.364969,-8.556529,159.762223
-337.590297,20.532892,119.885174
-338.355526,19.856613,152.967046
-319.08534,-0.901959,161.536561
-337.823303,20.518603,119.987177
-338.842715,19.063257,152.664079
-319.145792,8.499509,155.91658
-338.337527,20.364768,119.96894
-339.10728,18.406261,152.082204
-316.632213,11.632587,147.363629
-338.639459,20.338457,119.810958
-339.04784,18.429354,151.34366
-312.597223,9.672647,136.995337
-338.896142,20.640344,119.694021
-338.432488,19.135083,150.42273
-311.157654,2.299576,133.554353
-339.080021,20.657355,119.562099
-337.732299,19.660113,150.407587
-311.653367,-8.978579,136.082015
-339.000994,20.455327,119.504532
-337.171566,20.013165,150.67877
-314.576111,-14.216867,143.267555
-338.661522,20.436422,119.511196
-336.963457,20.017319,150.744006
-317.383823,-14.390921,152.096593
-338.368512,19.990707,119.593907
-337.042096,19.667078,151.238232
-319.967406,-6.22815,160.546913
-338.174017,19.884618,119.639285
-337.298822,20.009123,151.640777
-320.156348,4.042219,160.293459
-338.041842,20.193277,119.796469
-337.749278,19.897526,152.248886
-316.177438,11.046117,152.340965
-337.993298,20.411452,119.767591
-336.506171,20.250162,151.338303
-312.590229,12.077239,139.414879
-337.819264,21.130057,119.127524
-332.531632,20.96283,149.568106
-309.564952,9.929637,127.772435
-336.971705,22.067567,118.0686
-326.358464,21.023066,146.19019
-307.254081,6.464981,112.546614
-334.95743,22.997616,115.604805
-314.136806,21.456938,139.5464
-304.432814,2.107255,94.581986
-329.966089,23.657346,111.022734
-293.846073,23.403464,117.187459
-299.516946,-3.828359,61.495759
-318.883087,24.68217,93.756931
-271.993438,14.823367,102.357291
-291.480293,-7.011467,44.153995
-302.89255,21.412631,84.584899
-255.373388,6.918806,94.437583
-276.525001,-8.936873,34.023068
-282.752674,14.870675,79.179765
-238.864171,5.287403,91.098564
-260.957852,-7.331915,31.810324
-267.691434,17.022858,77.167604
-223.90056,9.004708,94.769006
-244.591053,-6.892757,38.959568
-250.559493,22.411138,79.425817
-204.032695,19.782838,102.541447
-222.014229,-2.807584,44.428438
-236.136971,33.25813,84.728359
-193.136509,22.289875,107.40933
-203.786753,1.058087,49.472637
-226.248588,35.556107,90.080354
-178.395349,20.575128,108.902487
-187.241784,-0.600455,47.270234
-209.319396,34.260948,90.584329
-154.734185,14.592763,107.616676
-167.962158,-2.926387,46.826744
-185.129999,29.243761,90.412489
-138.521529,14.209542,108.793149
-151.230165,-4.977957,48.105597
-171.590476,33.166882,92.895538
-121.373655,16.049881,108.7029
-128.070111,-4.997186,48.528044
-152.446418,36.641581,91.396418
-104.844113,21.315683,108.368938
-110.154146,-1.996856,49.537282
-140.97724,44.595386,93.75431
-91.72391,21.118774,107.670564
-95.617489,-0.425216,47.896468
-123.26061,45.153543,92.007215
-75.945073,20.23021,111.207085
-81.195131,-0.978174,48.703736
-109.971838,43.410163,93.110725
-62.468685,20.92933,118.902647
-64.546972,-2.424407,55.159982
-96.02335,42.997516,97.719036
-54.740011,22.089062,123.840371
-56.013142,-1.686795,58.105434
-87.141643,46.638062,100.707042
-47.273675,22.828258,126.903709
-47.553822,0.981618,58.180838
-81.3462,48.654395,103.810766
-36.805341,27.100821,128.752586
-32.93431,7.607929,61.114035
-70.330846,56.206403,106.938161
-28.040245,26.237268,130.652139
-21.229814,10.037454,65.723046
-62.783267,56.380851,110.291891
-21.047892,23.656403,131.730504
-12.617808,9.376959,68.231532
-55.955455,54.277968,112.218927
-17.276057,18.097197,140.87255
-4.302029,15.490178,82.986022
-53.203997,48.02907,120.604635
-22.677424,12.526629,147.243203
-1.395792,15.995143,97.63153
-55.792273,35.43363,126.143891
-31.470323,10.44653,152.561299
-3.336559,17.659508,111.719503
-49.551435,19.707858,126.32955
-40.070239,7.881326,155.876995
-5.231762,20.08909,134.303179
-49.288327,13.517759,125.903833
-41.96261,7.483997,157.066786
-4.60935,13.298945,148.838722
-49.518985,12.187211,126.94681
-43.339244,8.203195,157.788636
-1.517397,2.933771,152.260441
-48.734244,12.237208,127.358944
-43.588922,7.863753,157.69821
0.355536,-9.85596,146.897219
-47.442312,12.471572,127.386636
-43.752219,7.554921,157.438923
0.093971,-13.504408,138.723771
-47.27216,13.021041,127.261056
-44.326248,8.250732,157.119344
-1.713236,-10.611239,124.975546
-48.125245,13.965714,127.123838
-46.195364,9.091318,156.8197
-6.93979,1.91971,117.80348
-50.103318,14.467945,127.075551
-48.419166,9.679865,156.394911
-11.744341,13.505223,121.948889
-52.954355,14.82265,127.007044
-50.688286,11.038648,155.969277
-13.348055,18.239846,135.415518
-55.737755,15.097788,126.83939
-52.224005,11.912985,156.342017
-13.233302,13.430786,147.678413
-57.07873,15.143621,126.837376
-53.045609,12.035931,156.479396
-9.881367,2.705275,148.74663
-57.282335,14.727637,126.758515
-51.533262,9.97543,155.303257
-8.062577,-6.945183,145.302121
-56.396098,14.310688,126.701013
-49.958962,8.397277,155.27663
-7.011312,-13.317076,140.528503
-55.358124,13.811435,126.619645
-48.841554,6.49024,154.558525
-6.47686,-13.618322,126.071616
-54.664177,13.408312,126.597817
-48.340193,5.730609,154.842859
-9.875684,-2.816675,115.412856
-54.408531,13.48136,126.421093
-48.999767,7.037583,155.184577
-15.829928,8.487533,120.631252
-54.95538,13.447051,126.262013
-50.137906,7.855465,155.423536
-20.165816,15.417307,131.481875
-56.005217,13.883156,126.261658
-51.337798,8.599564,155.703138
-17.530199,13.892069,144.280932
-56.693897,14.095713,126.356227
-51.429468,9.521888,155.705888
-13.420382,5.548281,149.081988
-56.654442,14.263487,126.313857
-50.609099,9.520686,155.741059
-8.89638,-5.689006,146.42025
-55.571087,13.885889,126.351453
-49.534476,8.486016,155.180631
-6.924973,-14.04574,137.554267
-54.843105,13.520563,126.348257
-48.970419,7.878054,154.617446
-7.722563,-15.086937,126.121392
-54.484959,13.19773,126.25382
-48.717464,8.685858,154.106384
-11.089328,-9.266421,115.358829
-54.990633,13.043452,126.013016
-51.401757,14.346595,157.285169
-13.420021,-1.766217,115.364602
-55.589085,12.87118,125.648509
-52.391265,13.624963,155.894963
-17.370917,13.257135,120.529418
-56.70362,12.796607,125.755874
-52.524782,11.510386,154.506777
-21.134281,17.319371,140.63344
-57.967554,13.037748,125.824785
-53.197763,11.698361,155.215366
-18.134586,8.814793,149.887058
-58.607822,13.479161,125.770958
-53.28358,11.947408,155.182485
-12.347867,-3.2308,148.632494
-58.207738,13.442536,125.828367
-52.293999,11.344933,155.214143
-9.666073,-13.879248,140.387357
-57.318907,13.236519,125.754815
-50.286683,8.840245,154.093467
-9.770021,-16.682188,132.300784
-56.19813,12.38513,125.680035
-48.392355,6.032646,153.074289
-10.804588,-15.954331,121.010205
-55.593661,11.617554,125.482547
-48.211337,6.635569,153.065598
-12.362183,-3.676373,116.072601
-55.522687,11.173077,125.30223
-48.88,9.751591,152.920929
-16.944307,7.963713,119.079963
-56.83294,12.156109,125.297404
-51.248589,13.057663,153.654667
-20.04568,8.115776,140.367033
-58.200933,13.387499,125.422323
-53.620935,15.049499,153.847854
-18.250184,2.512931,155.539074
-60.559769,15.230591,125.404928
-55.064373,17.458373,153.935243
-14.756649,-0.521533,157.117026
-61.919755,16.806733,125.486599
-53.102388,19.943598,153.436466
-10.439212,6.070356,157.600277
-60.38805,19.165515,125.203214
-46.96829,23.301479,151.953291
-3.100562,18.158883,152.097094
-54.537381,21.529926,124.608874
-37.465218,26.182376,151.110944
2.596857,27.196463,133.514605
-47.321409,23.897813,124.786353
-30.99323,28.93675,149.032682
2.452581,30.014737,106.798502
-42.663879,26.00913,123.915855
-35.479953,36.490039,153.351098
4.409992,34.052164,109.272544
-42.074233,29.233615,123.285202
-47.114678,41.13683,157.059936
3.428313,49.988914,132.952855
-46.762779,35.436775,123.67751
-54.875873,44.822082,157.075793
-9.778323,67.341667,148.553254
-57.659123,41.747845,124.178229
-63.450269,50.74001,157.808952
-27.996894,87.472344,145.429918
-65.932874,46.700426,123.500279
-65.796607,61.154431,155.807301
-38.771583,103.550425,134.803847
-67.511298,55.546174,122.051807
-62.368362,81.354884,148.866993
-46.257578,121.079946,115.339576
-65.447536,73.276653,119.292913
-63.826271,94.03274,149.182486
-48.784418,126.360055,105.785293
-67.769799,81.847635,120.757511
-71.680337,98.382868,149.453086
-53.337747,134.461198,130.621996
-73.467426,85.674984,120.737354
-83.843969,96.768742,150.045957
-74.777625,133.882006,155.859792
-85.807738,87.349933,121.517442
-97.473008,92.981189,152.371895
-110.840871,133.339655,148.136469
-99.548836,84.399083,124.116894
-114.044811,91.310969,154.967776
-131.375853,137.185016,123.33628
-110.30316,83.330335,122.615893
-124.50659,97.287166,154.349931
-140.912498,143.253916,109.309572
-121.890771,88.920689,121.41674
-139.209855,108.538527,154.647011
-151.160722,152.186837,116.296929
-138.028096,99.932177,123.148875
-149.427961,109.848991,158.081359
-162.93435,151.862884,140.588207
-147.541517,103.350309,123.197646
-162.980225,106.918586,155.705391
-187.001555,142.865719,149.584095
-160.959702,100.091718,122.264512
-175.174553,103.760127,154.546506
-208.753616,133.965405,146.322525
-172.058322,92.846236,121.710394
-193.88972,99.061637,154.755638
-234.410003,123.375018,134.326941
-184.550641,88.063246,122.997067
-206.474561,96.791795,155.14604
-249.722867,117.965698,116.175511
-196.282818,88.88053,121.467464
-224.788117,94.928719,155.7554
-263.330236,116.850346,106.051522
-213.106513,89.857246,123.087533
-235.135347,92.024961,154.347901
-273.918775,111.874709,129.683286
-220.977597,86.755821,123.18099
-239.459752,83.022057,155.292653
-282.320122,93.09559,144.411709
-229.143259,79.583471,120.970787
-244.237302,65.158554,155.539042
-290.304416,65.198489,142.22578
-235.479565,65.780806,120.702888
-251.661183,55.686326,155.357111
-297.389914,42.63979,134.267371
-239.365993,57.194843,122.553921
-259.165268,43.195608,154.512736
-301.022702,22.027492,115.568713
-246.62925,45.853747,120.72441
-271.338876,30.582809,152.415181
-303.509686,14.656247,103.443234
-257.533137,34.417749,122.258179
-276.590967,19.48393,154.854603
-313.179622,8.358206,114.552455
-263.577625,24.386408,122.597859
-275.970618,7.363601,153.761432
-321.888886,-3.563049,143.537755
-264.807102,10.977078,121.326755
-272.284498,-6.285546,152.825902
-310.648735,-29.467532,151.865003
-261.268409,-4.005114,120.817646
-270.587093,-18.849709,153.844336
-296.941504,-51.839298,146.858393
-258.382514,-15.285289,122.737637
-268.857579,-35.240541,153.019322
-285.100354,-74.636327,128.834875
-257.095605,-24.966825,122.486867
-268.515387,-53.352049,151.279781
-279.663813,-94.787175,108.140212
-257.392241,-40.741584,121.624207
-265.131642,-68.13416,152.104273
-279.046541,-102.294241,98.834138
-255.589286,-50.048951,122.774058
-251.746852,-73.372312,155.79514
-273.174686,-113.964646,127.693029
-247.563948,-59.525319,121.71267
-239.349883,-72.837815,158.686446
-258.932531,-115.009643,146.980396
-236.009494,-65.401047,121.952808
-227.980103,-74.960103,159.742233
-236.174824,-119.726187,154.804571
-224.276186,-67.656599,123.671864
-217.778878,-81.709397,156.59213
-211.53005,-127.929638,146.836725
-216.72554,-70.556955,122.764978
-204.645544,-95.062979,152.141135
-186.888099,-140.556873,128.157249
-204.190827,-81.693395,120.417796
-187.301143,-108.599954,154.396037
-171.506394,-151.920677,107.802103
-191.243122,-95.09432,122.361156
-178.460575,-109.44555,156.363288
-167.432554,-152.427882,102.218464
-183.78476,-97.879891,122.109998
-170.655585,-105.791986,158.159178
-154.518803,-150.128152,121.339941
-175.566055,-96.536368,121.364373
-163.158404,-97.979093,158.69639
-140.550339,-140.641627,138.188245
-163.898821,-91.332637,122.169392
-150.989475,-97.302927,157.252221
-124.207876,-131.570023,146.94422
-154.928733,-88.586378,123.449785
-139.893758,-99.876991,152.611616
-108.262803,-126.590283,144.010553
-147.402585,-88.289736,121.717958
-120.079194,-103.060437,149.632013
-82.562119,-121.273871,133.802608
-133.129566,-90.79764,119.897331
-99.161339,-101.99906,151.433681
-57.731118,-118.998092,111.099601
-116.564101,-93.469861,120.874809
-88.485302,-96.12051,151.974887
-52.106604,-118.206485,100.088582
-107.992501,-90.286402,120.660749
-85.356008,-89.9607,153.306986
-42.749256,-111.01213,114.655088
-100.923451,-84.793512,120.962762
-85.709634,-77.761202,155.630135
-35.780933,-94.485165,136.298397
-95.554508,-74.211497,120.885313
-87.69739,-67.827873,156.338954
-37.010549,-66.828864,137.189678
-95.010387,-67.901249,122.127501
-88.015919,-60.720958,156.134353
-42.014394,-42.036075,131.316747
-94.96572,-63.661518,121.739673
-86.596177,-54.762454,155.962191
-51.49802,-20.029157,128.203024
-92.088978,-59.220682,122.083191
-87.519432,-50.292292,155.031544
-64.858339,-8.867074,124.453047
-91.825379,-57.352512,121.934933
-91.267069,-50.128329,155.508492
-90.528371,-7.354564,123.648706
-94.645581,-57.224366,122.104645
-95.329182,-52.978048,157.030163
-109.977306,-18.480579,133.782279
-100.21433,-59.692522,123.259776
-100.082924,-55.48338,157.747025
-117.709709,-31.852469,157.784488
-104.097942,-60.101511,123.384966
-102.223868,-56.594361,157.615594
-107.134658,-26.617529,167.428796
-106.691788,-60.447125,123.171795
-102.677929,-57.315392,157.663285
-92.303642,-15.55656,155.930111
-106.959386,-59.484254,123.291869
-100.858787,-56.836052,157.927094
-84.765213,-12.700584,140.960922
-106.347971,-59.142145,123.07966
-99.723179,-56.837792,157.546139
-68.773514,-15.158433,144.840302
-105.779949,-58.518097,122.952568
-99.683321,-57.748766,157.989971
-73.475064,-21.753947,159.346724
-106.082443,-58.931859,122.930451
-99.618842,-59.648864,157.947497
-92.594777,-27.895654,157.321778
-106.425638,-60.683188,123.183905
-101.325979,-62.336413,157.069306
-107.774822,-32.620071,140.87653
-107.304205,-63.709102,122.878005
-103.73347,-64.420134,156.764465
-122.819134,-47.062635,133.90371
-108.867448,-67.617162,122.109757
-105.272816,-65.324037,156.694821
-125.938111,-54.808252,149.266713
-109.704263,-68.913863,122.196027
-105.122406,-64.344566,156.807381
-118.031382,-44.046059,164.648016
-109.739869,-67.800864,122.189483
-104.432135,-63.342746,156.65177
-106.635847,-32.144976,159.105698
-108.860501,-65.651291,122.025249
-103.016441,-62.080421,156.971298
-96.303303,-22.838888,142.472008
-106.972496,-63.396883,121.596332
-102.459689,-61.105791,156.991825
-79.138162,-18.617205,138.337358
-105.886576,-62.239747,121.810573
-102.769173,-61.157395,157.120728
-76.579399,-22.83464,154.241101
-105.3125,-61.700345,122.079366
-103.214936,-62.127582,156.953051
-91.998443,-34.098368,167.085705
-105.852653,-62.791361,122.42541
-103.922078,-64.082212,156.744615
-109.771878,-42.024781,163.766887
-106.682199,-64.518292,122.756341
-104.86367,-65.110259,156.363104
-114.153593,-43.251843,144.243193
-107.096202,-65.236549,122.126357
-105.83184,-63.165765,157.220873
-116.664224,-54.047879,145.628482
-108.047296,-64.138297,121.713504
-106.922636,-61.701804,156.690853
-118.145844,-55.92779,155.944906
-108.878124,-63.572289,121.415974
-107.60289,-61.560592,156.659469
-111.940804,-42.729877,162.343942
-109.429686,-63.35015,121.472788
-106.598915,-60.405589,156.399167
-101.296176,-32.80125,156.149191
-108.603924,-62.360704,121.222644
-105.435688,-58.73079,156.192816
-96.614148,-32.258099,143.472009
-107.739131,-61.267259,121.057729
-104.484196,-57.594008,156.035888
-98.522993,-31.665571,139.374587
-107.069971,-60.861458,121.072843
